  0.0000000000000000	 -1.0000000000000000	  0.0000000000000000	  2.0000000000000000	
  0.0125000000000000	 -1.0000000000000000	  0.0500000000000000	  2.0125000000000002	
  0.0250000000000000	 -0.9993750000000000	  0.0999990193557421	  2.0245312500000003	
  0.0375000000000000	 -0.9981250245161064	  0.1499814084741867	  2.0360957276411069	
  0.0500000000000000	 -0.9962504893042518	  0.1999315179126291	  2.0471958262183145	
  0.0625000000000000	 -0.9937522013564360	  0.2498337081519609	  2.0578343549819245	
  0.0750000000000000	 -0.9906313586526371	  0.2996723593697171	  2.0680145391984439	
  0.0875000000000000	 -0.9868895496683942	  0.3494318812067977	  2.0777400199710234	
  0.1000000000000000	 -0.9825287526382243	  0.3990967225217535	  2.0870148538196363	
  0.1125000000000000	 -0.9775513345751804	  0.4486513811265312	  2.0958435120213599	
  0.1250000000000000	 -0.9719600500470171	  0.4980804134975782	  2.1042308797112739	
  0.1375000000000000	 -0.9657580397095776	  0.5473684444562215	  2.1121822547446376	
  0.1500000000000000	 -0.9589488285981721	  0.5965001768122482	  2.1197033463211703	
  0.1625000000000000	 -0.9515363241778659	  0.6454604009646364	  2.1268002733724014	
  0.1750000000000000	 -0.9435248141537500	  0.6942340044534061	  2.1334795627132173	
  0.1875000000000000	 -0.9349189640424148	  0.7428059814565887	  2.1397481469588753	
  0.2000000000000000	 -0.9257238145060001	  0.7911614422263425	  2.1456133622089162	
  0.2125000000000000	 -0.9159447784503415	  0.8392856224582769	  2.1510829454995442	
  0.2250000000000001	 -0.9055876378888846	  0.8871638925880844	  2.1561650320262022	
  0.2375000000000001	 -0.8946585405741825	  0.9347817670096247	  2.1608681521382165	
  0.2500000000000001	 -0.8831639963989418	  0.9821249132086457	  2.1652012281075264	
  0.2625000000000001	 -0.8711108735687257	  1.0291791608063798	  2.1691735706736677	
  0.2750000000000001	 -0.8585063945485663	  1.0759305105073036	  2.1727948753673201	
  0.2875000000000001	 -0.8453581317858837	  1.1223651429454069	  2.1760752186148720	
  0.3000000000000001	 -0.8316740032122485	  1.1684694274233762	  2.1790250536265994	
  0.3125000000000001	 -0.8174622675266641	  1.2142299305391617	  2.1816552060711945	
  0.3250000000000001	 -0.8027315192631850	  1.2596334246944625	  2.1839768695395221	
  0.3375000000000001	 -0.7874906836458234	  1.3046668964797370	  2.1860016008006147	
  0.3500000000000001	 -0.7717490112338300	  1.3493175549304177	  2.1877413148530560	
  0.3625000000000002	 -0.7555160723605696	  1.3935728396490881	  2.1892082797750358	
  0.3750000000000002	 -0.7388017513693425	  1.4374204287884567	  2.1904151113764896	
  0.3875000000000002	 -0.7216162406496310	  1.4808482468900521	  2.1913747676568676	
  0.4000000000000002	 -0.7039700344773797	  1.5238444725736457	  2.1921005430722067	
  0.4125000000000002	 -0.6858739226630386	  1.5663975460724997	  2.1926060626153010	
  0.4250000000000002	 -0.6673389840112262	  1.6084961766096331	  2.1929052757128917	
  0.4375000000000002	 -0.6483765795959854	  1.6501293496103924	  2.1930124499439216	
  0.4500000000000002	 -0.6289983458557256	  1.6912863337467146	  2.1929421645830112	
  0.4625000000000002	 -0.6092161875120577	  1.7319566878085717	  2.1927093039734342	
  0.4750000000000003	 -0.5890422703168434	  1.7721302673981911	  2.1923290507339872	
  0.4875000000000003	 -0.5684890136318886	  1.8117972314427542	  2.1918168788042469	
  0.5000000000000002	 -0.5475690828458198	  1.8509480485213869	  2.1911885463328327	
  0.5125000000000002	 -0.5262953816327852	  1.8895735030023686	  2.1904600884133858	
  0.5250000000000001	 -0.5046810440577261	  1.9276647009866001	  2.1896478096730840	
  0.5375000000000001	 -0.4827394265330611	  1.9652130760534967	  2.1887682767186112	
  0.5500000000000000	 -0.4604840996317237	  2.0022103948055818	  2.1878383104445933	
  0.5625000000000000	 -0.4379288397615841	  2.0386487622081932	  2.1868749782096146	
  0.5750000000000000	 -0.4150876207063793	  2.0745206267208296	  2.1858955858850102	
  0.5874999999999999	 -0.3919746050383585	  2.1098187852167967	  2.1849176697817225	
  0.5999999999999999	 -0.3686041354079386	  2.1445363876879449	  2.1839589884605948	
  0.6124999999999998	 -0.3449907257157400	  2.1786669417314202	  2.1830375144315544	
  0.6249999999999998	 -0.3211490521724544	  2.2122043168154799	  2.1821714257472165	
  0.6374999999999997	 -0.2970939442520674	  2.2451427483215731	  2.1813790974965142	
  0.6499999999999997	 -0.2728403755440281	  2.2774768413600084	  2.1806790932040303	
  0.6624999999999996	 -0.2484034545100278	  2.3092015743566856	  2.1800901561407802	
  0.6749999999999996	 -0.2237984151511107	  2.3403123024084986	  2.1796312005522473	
  0.6874999999999996	 -0.1990406075908982	  2.3708047604051674	  2.1793213028095493	
  0.6999999999999995	 -0.1741454885807690	  2.4006750659153946	  2.1791796924896532	
  0.7124999999999995	 -0.1491286119328841	  2.4299197218353941	  2.1792257433906292	
  0.7249999999999994	 -0.1240056188869992	  2.4585356187979852	  2.1794789644879660	
  0.7374999999999994	 -0.0987922284170496	  2.4865200373405911	  2.1799589908380286	
  0.7499999999999993	 -0.0735042274835348	  2.5138706498306314	  2.1806855744347762	
  0.7624999999999993	 -0.0481574612377690	  2.5405855221469520	  2.1816785750259009	
  0.7749999999999992	 -0.0227678231840951	  2.5666631151160835	  2.1829579508945787	
  0.7874999999999992	  0.0026487546938070	  2.5921022857022740	  2.1845437496130575	
  0.7999999999999992	  0.0280763118363639	  2.6169022879503934	  2.1864560987743364	
  0.8124999999999991	  0.0534988690351238	  2.6410627736809622	  2.1887151967082104	
  0.8249999999999991	  0.0789004383771479	  2.6645837929367109	  2.1913413031879778	
  0.8374999999999990	  0.1042650332005657	  2.6874657941802300	  2.1943547301341240	
  0.8499999999999990	  0.1295766780550715	  2.7097096242424308	  2.1977758323213017	
  0.8624999999999989	  0.1548194186611323	  2.7313165280216838	  2.2016249980949456	
  0.8749999999999989	  0.1799773318616745	  2.7522881479336672	  2.2059226401038545	
  0.8874999999999988	  0.2050345355600162	  2.7726265231121059	  2.2106891860550819	
  0.8999999999999988	  0.2299751986378189	  2.7923340883607408	  2.2159450694974678	
  0.9124999999999988	  0.2547835508468375	  2.8114136728570247	  2.2217107206401403	
  0.9249999999999987	  0.2794438926682632	  2.8298684986081932	  2.2280065572123018	
  0.9374999999999987	  0.3039406051334681	  2.8477021786605170	  2.2348529753706039	
  0.9499999999999986	  0.3282581595999811	  2.8649187150626947	  2.2422703406603919	
  0.9624999999999986	  0.3523811274765485	  2.8815224965845019	  2.2502789790370792	
  0.9749999999999985	  0.3762941898911611	  2.8975182961919623	  2.2588991679538868	
  0.9874999999999985	  0.3999821472959603	  2.9129112682804639	  2.2681511275221506	
  0.9999999999999984	  0.4234299290029719	  2.9277069456673903	  2.2780550117503653	
  1.0124999999999984	  0.4466226026446568	  2.9419112363459945	  2.2886308998680973	
  1.0249999999999984	  0.4695453835533067	  2.9555304200023862	  2.2998987877408568	
  1.0374999999999983	  0.4921836440533665	  2.9685711442976577	  2.3118785793819741	
  1.0499999999999983	  0.5145229226608080	  2.9810404209173189	  2.3245900785674745	
  1.0624999999999982	  0.5365489331837411	  2.9929456213903629	  2.3380529805598949	
  1.0749999999999982	  0.5582475737185002	  3.0042944726804177	  2.3522868639469312	
  1.0874999999999981	  0.5796049355355107	  3.0150950525516018	  2.3673111826007385	
  1.0999999999999981	  0.6006073118493008	  3.0253557847118238	  2.3831452577636516	
  1.1124999999999980	  0.6212412064670965	  3.0350854337364228	  2.3998082702660177	
  1.1249999999999980	  0.6414933423105071	  3.0442930997751763	  2.4173192528817711	
  1.1374999999999980	  0.6613506698048867	  3.0529882130458419	  2.4356970828272950	
  1.1499999999999979	  0.6808003751310328	  3.0611805281175370	  2.4549604744090510	
  1.1624999999999979	  0.6998298883339713	  3.0688801179873901	  2.4751279718253634	
  1.1749999999999978	  0.7184268912836562	  3.0760973679540293	  2.4962179421276702	
  1.1874999999999978	  0.7365793254825070	  3.0828429692916051	  2.5182485683464608	
  1.1999999999999977	  0.7542753997147973	  3.0891279127281712	  2.5412378427870328	
  1.2124999999999977	  0.7715035975330017	  3.0949634817323672	  2.5652035605001013	
  1.2249999999999976	  0.7882526845763109	  3.1003612456124756	  2.5901633129322059	
  1.2374999999999976	  0.8045117157166229	  3.1053330524320391	  2.6161344817607506	
  1.2499999999999976	  0.8202700420274240	  3.1098910217463471	  2.6431342329184169	
  1.2624999999999975	  0.8355173175710828	  3.1140475371642116	  2.6711795108115810	
  1.2749999999999975	  0.8502435060001883	  3.1178152387395621	  2.7002870327372590	
  1.2874999999999974	  0.8644388869686774	  3.1212070151975060	  2.7304732835029881	
  1.2999999999999974	  0.8780940623486152	  3.1242359959995980	  2.7617545102539460	
  1.3124999999999973	  0.8911999622486053	  3.1269155432531743	  2.7941467175114880	
  1.3249999999999973	  0.9037478508299348	  3.1292592434696966	  2.8276656624271599	
  1.3374999999999972	  0.9157293319166774	  3.1312808991771632	  2.8623268502561312	
  1.3499999999999972	  0.9271363543961066	  3.1329945203917231	  2.8981455300538621	
  1.3624999999999972	  0.9379612174058999	  3.1344143159537330	  2.9351366905996934	
  1.3749999999999971	  0.9481965753047433	  3.1355546847335747	  2.9733150565509199	
  1.3874999999999971	  0.9578354424230828	  3.1364302067126446	  3.0126950848307761	
  1.3999999999999970	  0.9668711975908991	  3.1370556339449993	  3.0532909612536332	
  1.4124999999999970	  0.9752975884395243	  3.1374458814052253	  3.0951165973905646	
  1.4249999999999969	  0.9831087354746550	  3.1376160177281731	  3.1381856276783098	
  1.4374999999999969	  0.9902991359178596	  3.1375812558462690	  3.1825114067745175	
  1.4499999999999968	  0.9968636673140164	  3.1373569435301780	  3.2281070071620155	
  1.4624999999999968	  1.0027975909022711	  3.1369585538386682	  3.2749852170047111	
  1.4749999999999968	  1.0080965547482379	  3.1364016754835733	  3.3231585382575815	
  1.4874999999999967	  1.0127565966353274	  3.1357020031158185	  3.3726391850330648	
  1.4999999999999967	  1.0167741467132230	  3.1348753275385164	  3.4234390822260239	
  1.5124999999999966	  1.0201460299016860	  3.1339375258532010	  3.4755698643993016	
  1.5249999999999966	  1.0228694680480162	  3.1329045515453027	  3.5290428749317337	
  1.5374999999999965	  1.0249420818366488	  3.1317924245150159	  3.5838691654303481	
  1.5499999999999965	  1.0263618924495244	  3.1306172210597438	  3.6400594954083099	
  1.5624999999999964	  1.0271273229760181	  3.1293950638143446	  3.6976243322300388	
  1.5749999999999964	  1.0272371995713769	  3.1281421116554249	  3.7565738513247560	
  1.5874999999999964	  1.0266907523627626	  3.1268745495759638	  3.8169179366695718	
  1.5999999999999963	  1.0254876161021620	  3.1256085785365615	  3.8786661815430765	
  1.6124999999999963	  1.0236278305655762	  3.1243604052996341	  3.9418278895502277	
  1.6249999999999962	  1.0211118406980673	  3.1231462322528856	  4.0064120759191839	
  1.6374999999999962	  1.0179404965043897	  3.1219822472283987	  4.0724274690705773	
  1.6499999999999961	  1.0141150526850997	  3.1208846133236978	  4.1398825124595540	
  1.6624999999999961	  1.0096371680181924	  3.1198694587311309	  4.2087853666907691	
  1.6749999999999960	  1.0045089044864708	  3.1189528665819246	  4.2791439119063526	
  1.6874999999999960	  0.9987327261510190	  3.1181508648112586	  4.3509657504467150	
  1.6999999999999960	  0.9923114977713007	  3.1174794160506907	  4.4242582097839049	
  1.7124999999999959	  0.9852484831725682	  3.1169544075542586	  4.4990283457270772	
  1.7249999999999959	  0.9775473433614249	  3.1165916411645651	  4.5752829458994659	
  1.7374999999999958	  0.9692121343905392	  3.1164068233251263	  4.6530285334861130	
  1.7499999999999958	  0.9602473049736676	  3.1164155551452470	  4.7322713712514428	
  1.7624999999999957	  0.9506576938522990	  3.1166333225236480	  4.8130174658256255	
  1.7749999999999957	  0.9404485269153905	  3.1170754863370465	  4.8952725722585084	
  1.7874999999999956	  0.9296254140738168	  3.1177572726998481	  4.9790421988397560	
  1.7999999999999956	  0.9181943458913132	  3.1186937633010685	  5.0643316121836790	
  1.8124999999999956	  0.9061616899738402	  3.1198998858245615	  5.1511458425770895	
  1.8249999999999955	  0.8935341871194544	  3.1213904044585776	  5.2394896895883623	
  1.8374999999999955	  0.8803189472309191	  3.1231799105006286	  5.3293677279357450	
  1.8499999999999954	  0.8665234449934350	  3.1252828130635746	  5.4207843136128124	
  1.8624999999999954	  0.8521555153200246	  3.1277133298887945	  5.5137435902688008	
  1.8749999999999953	  0.8372233485672448	  3.1304854782722287	  5.6082494958414406	
  1.8874999999999953	  0.8217354855240507	  3.1336130661090302	  5.7043057694397437	
  1.8999999999999952	  0.8057008121767767	  3.1371096830624716	  5.8019159584740647	
  1.9124999999999952	  0.7891285542533387	  3.1409886918626975	  5.9010834260306382	
  1.9249999999999952	  0.7720282715499064	  3.1452632197408232	  6.0018113584876200	
  1.9374999999999951	  0.7544098520434273	  3.1499461500038053	  6.1041027733695685	
  1.9499999999999951	  0.7362835057935226	  3.1550501137554194	  6.2079605274371357	
  1.9624999999999950	  0.7176597586374084	  3.1605874817685988	  6.3133873250086330	
  1.9749999999999950	  0.6985494456816236	  3.1665703565142898	  6.4203857265099931	
  1.9874999999999949	  0.6789637045944811	  3.1730105643518889	  6.5289581572495310	
  1.9999999999999949	  0.6589139687032786	  3.1799196478862295	  6.6391069164137839	
  2.0124999999999948	  0.6384119599004345	  3.1873088584959781	  6.7508341862805912	
  2.0249999999999950	  0.6174696813628342	  3.1951891490382045	  6.8641420416454544	
  2.0374999999999952	  0.5960994100887895	  3.2035711667337772	  6.9790324594571027	
  2.0499999999999954	  0.5743136892571342	  3.2124652462381262	  7.0955073286580816	
  2.0624999999999956	  0.5521253204130876	  3.2218814029018037	  7.2135684602260683	
  2.0749999999999957	  0.5295473554856329	  3.2318293262251552	  7.3332175974115126	
  2.0874999999999959	  0.5065930886412620	  3.2423183735112944	  7.4544564261670976	
  2.0999999999999961	  0.4832760479790445	  3.2533575637214569	  7.5772865857644192	
  2.1124999999999963	  0.4596099870720811	  3.2649555715366789	  7.7017096795931757	
  2.1249999999999964	  0.4356088763604983	  3.2771207216296245	  7.8277272861380744	
  2.1374999999999966	  0.4112868944012391	  3.2898609831502537	  7.9553409701285656	
  2.1499999999999968	  0.3866584189799956	  3.3031839644288907	  8.0845522938564311	
  2.1624999999999970	  0.3617380180907180	  3.3170969079001229	  8.2153628286561649	
  2.1749999999999972	  0.3365404407882213	  3.3316066852508164	  8.3477741665429974	
  2.1874999999999973	  0.3110806079194918	  3.3467197927954064	  8.4817879320033676	
  2.1999999999999975	  0.2853736027393771	  3.3624423470814708	  8.6174057939325177	
  2.2124999999999977	  0.2594346614164140	  3.3787800807284589	  8.7546294777138787	
  2.2249999999999979	  0.2332791634346256	  3.3957383385022983	  8.8934607774347949	
  2.2374999999999980	  0.2069226218971832	  3.4133220736284646	  9.0339015682331052	
  2.2499999999999982	  0.1803806737378949	  3.4315358443459396	  9.1759538187690222	
  2.2624999999999984	  0.1536690698465435	  3.4503838107043472	  9.3196196038167098	
  2.2749999999999986	  0.1268036651141523	  3.4698697316063933	  9.4649011169698909	
  2.2874999999999988	  0.0998004084043122	  3.4899969620975915	  9.6118006834557814	
  2.2999999999999989	  0.0726753324567520	  3.5107684509051027	  9.7603207730515926	
  2.3124999999999991	  0.0454445437293796	  3.5321867382273542	  9.9104640130978190	
  2.3249999999999993	  0.0181242121850635	  3.5542539537759592	 10.0622332016024743	
  2.3374999999999995	 -0.0092694389705375	  3.5769718150712895	 10.2156313204304201	
  2.3499999999999996	 -0.0367201435937552	  3.6003416259929053	 10.3706615485718867	
  2.3624999999999998	 -0.0642116029439325	  3.6243642755858811	 10.5273272754842910	
  2.3750000000000000	 -0.0917274960542855	  3.6490402371239088	 10.6856321145013986	
  2.3875000000000002	 -0.1192514901261878	  3.6743695674299004	 10.8455799163038904	
  2.4000000000000004	 -0.1467672509404403	  3.7003519064546495	 11.0071747824453645	
  2.4125000000000005	 -0.1742584532790741	  3.7269864771139520	 11.1704210789278093	
  2.4250000000000007	 -0.2017087913512253	  3.7542720853844207	 11.3353234498205691	
  2.4375000000000009	 -0.2291019892166148	  3.7822071206580734	 11.5018868309168258	
  2.4500000000000011	 -0.2564218112001631	  3.8107895563556022	 11.6701164634216266	
  2.4625000000000012	 -0.2836520722912730	  3.8400169507980819	 11.8400179076655050	
  2.4750000000000014	 -0.3107766485213210	  3.8698864483367013	 12.0115970568377310	
  2.4875000000000016	 -0.3377794873129036	  3.9003947807399468	 12.1848601507332681	
  2.5000000000000018	 -0.3646446177944050	  3.9315382688375045	 12.3598137895075233	
  2.5125000000000020	 -0.3913561610734675	  3.9633128244199849	 12.5364649474330001	
  2.5250000000000021	 -0.4178983404629680	  3.9957139523934124	 12.7148209866519952	
  2.5375000000000023	 -0.4442554916531328	  4.0287367531872640	 12.8948896709195235	
  2.5500000000000025	 -0.4704120728234513	  4.0623759254146812	 13.0766791793306716	
  2.5625000000000027	 -0.4963526746880844	  4.0966257687833192	 13.2601981200266454	
  2.5750000000000028	 -0.5220620304685015	  4.1314801872551383	 13.4454555438737948	
  2.5875000000000030	 -0.5475250257871233	  4.1669326924532912	 13.6324609581099825	
  2.6000000000000032	 -0.5727267084757911	  4.2029764073140949	 13.8212243399526855	
  2.6125000000000034	 -0.5976522982929389	  4.2396040699819295	 14.0117561501632952	
  2.6250000000000036	 -0.6222871965433908	  4.2768080379447477	 14.2040673465621268	
  2.6375000000000037	 -0.6466169955947723	  4.3145802924077277	 14.3981693974887417	
  2.6500000000000039	 -0.6706274882845793	  4.3529124429024506	 14.5940742952022227	
  2.6625000000000041	 -0.6943046772120183	  4.3917957321288377	 14.7917945692161314	
  2.6750000000000043	 -0.7176347839087975	  4.4312210410269275	 14.9913432995629616	
  2.6875000000000044	 -0.7406042578831246	  4.4711788940754369	 15.1927341299829664	
  2.7000000000000046	 -0.7631997855312389	  4.5116594648139001	 15.3959812810323289	
  2.7125000000000048	 -0.7854082989108916	  4.5526525815850336	 15.6010995631057447	
  2.7250000000000050	 -0.8072169843712660	  4.5941477334938430	 15.8081043893685553	
  2.7375000000000052	 -0.8286132910339201	  4.6361340765798502	 16.0170117885936740	
  2.7500000000000053	 -0.8495849391194241	  4.6786004401986689	 16.2278384178986741	
  2.7625000000000055	 -0.8701199281144577	  4.7215353336090420	 16.4406015753784480	
  2.7750000000000057	 -0.8902065447742319	  4.7649269527613098	 16.6553192126290206	
  2.7875000000000059	 -0.9098333709551994	  4.8087631872831533	 16.8720099471581726	
  2.8000000000000060	 -0.9289892912731209	  4.8530316276583338	 17.0906930746786330	
  2.8125000000000062	 -0.9476635005816628	  4.8977195725940161	 17.3113885812797434	
  2.8250000000000064	 -0.9658455112668127	  4.9428140365721553	 17.5341171554736199	
  2.8375000000000066	 -0.9835251603525091	  4.9883017575802961	 17.7589002001119027	
  2.8500000000000068	 -1.0006926164130021	  5.0341692050170268	 17.9857598441693867	
  2.8625000000000069	 -1.0173383862875767	  5.0804025877672094	 18.2147189543909178	
  2.8750000000000071	 -1.0334533215933968	  5.1269878624420109	 18.4458011467980292	
  2.8875000000000073	 -1.0490286250323468	  5.1739107417786316	 18.6790307980520360	
  2.9000000000000075	 -1.0640558564878815	  5.2211567031945521	 18.9144330566703154	
  2.9125000000000076	 -1.0785269389080181	  5.2687109974909898	 19.1520338540927320	
  2.9250000000000078	 -1.0924341639707438	  5.3165586577001847	 19.3918599155952656	
  2.9375000000000080	 -1.1057701975282395	  5.3646845080710204	 19.6339387710480686	
  2.9500000000000082	 -1.1185280848264643	  5.4130731731874118	 19.8782987655152930	
  2.9625000000000083	 -1.1307012554967795	  5.4617090872137863	 20.1249690696942167	
  2.9750000000000085	 -1.1422835283164352	  5.5105765032619241	 20.3739796901913408	
  2.9875000000000087	 -1.1532691157348876	  5.5596595028733189	 20.6253614796332307	
  3.0000000000000089	 -1.1636526281630550	  5.6089420056111639	 20.8791461466101289	
  3.0125000000000091	 -1.1734290780227763	  5.6584077787559810	 21.1353662654504397	
  3.0250000000000092	 -1.1825938835538772	  5.7080404470988491	 21.3940552858243862	
  3.0375000000000094	 -1.1911428723764064	  5.7578235028261249	 21.6552475421752959	
  3.0500000000000096	 -1.1990722848057538	  5.8077403154894762	 21.9189782629771308	
  3.0625000000000098	 -1.2063787769185175	  5.8577741420550025	 22.1852835798170354	
  3.0750000000000099	 -1.2130594233671430	  5.9079081370251521	 22.4542005363018937	
  3.0875000000000101	 -1.2191117199415147	  5.9581253626271113	 22.7257670967879513	
  3.1000000000000103	 -1.2245335858758375	  6.0084087990612707	 23.0000221549328536	
  3.1125000000000105	 -1.2293233658993064	  6.0587413548033560	 23.2770055420695350	
  3.1250000000000107	 -1.2334798320292231	  6.1091058769537563	 23.5567580354015789	
  3.1375000000000108	 -1.2370021851053796	  6.1594851616275541	 23.8393213660198882	
  3.1500000000000110	 -1.2398900560646913	  6.2098619643787343	 24.1247382267406323	
  3.1625000000000112	 -1.2421435069552236	  6.2602190106520137	 24.4130522797646137	
  3.1750000000000114	 -1.2437630316889239	  6.3105390062557181	 24.7043081641584301	
  3.1875000000000115	 -1.2447495565325315	  6.3608046478491174	 24.9985515031579055	
  3.2000000000000117	 -1.2451044403363041	  6.4109986334376075	 25.2958289112944961	
  3.2125000000000119	 -1.2448294745003645	  6.4611036728691218	 25.5961880013455350	
  3.2250000000000121	 -1.2439268826786372	  6.5111024983251564	 25.8996773911093712	
  3.2375000000000123	 -1.2423993202205088	  6.5609778747997733	 26.2063467100066276	
  3.2500000000000124	 -1.2402498733505152	  6.6107126105599701	 26.5162466055089610	
  3.2625000000000126	 -1.2374820580865165	  6.6602895675807963	 26.8294287493969428	
  3.2750000000000128	 -1.2340998188969972	  6.7096916719486108	 27.1459458438488035	
  3.2875000000000130	 -1.2301075270982826	  6.7589019242258939	 27.4658516273619853	
  3.3000000000000131	 -1.2255099789926360	  6.8079034097710416	 27.7892008805096360	
  3.3125000000000133	 -1.2203123937483606	  6.8566793090065916	 28.1160494315343215	
  3.3250000000000135	 -1.2145204110231966	  6.9052129076293696	 28.4464541617814817	
  3.3375000000000137	 -1.2081400883324631	  6.9534876067560525	 28.7804730109752285	
  3.3500000000000139	 -1.2011778981635626	  7.0014869329977110	 29.1181649823393620	
  3.3625000000000140	 -1.1936407248386205	  7.0491945484569012	 29.4595901475666189	
  3.3750000000000142	 -1.1855358611271987	  7.0965942606409493	 29.8048096516392960	
  3.3875000000000144	 -1.1768710046111757	  7.1436700322850886	 30.1538857175046751	
  3.4000000000000146	 -1.1676542538040491	  7.1904059910791949	 30.5068816506087188	
  3.4125000000000147	 -1.1578941040270698	  7.2367864392918859	 30.8638618432917973	
  3.4250000000000149	 -1.1475994430447733	  7.2827958632858421	 31.2248917790503100	
  3.4375000000000151	 -1.1367795464626280	  7.3284189429182387	 31.5900380366682327	
  3.4500000000000153	 -1.1254440728896729	  7.3736405608202729	 31.9593682942228483	
  3.4625000000000155	 -1.1136030588691668	  7.4184458115498240	 32.3329513329690101	
  3.4750000000000156	 -1.1012669135804218	  7.4628200106113640	 32.7108570411065145	
  3.4875000000000158	 -1.0884464133151386	  7.5067487033373110	 33.0931564174353099	
  3.5000000000000160	 -1.0751526957317066	  7.5502176736251085	 33.4799215749033792	
  3.5125000000000162	 -1.0613972538910796	  7.5932129525243868	 33.8712257440523956	
  3.5250000000000163	 -1.0471919300779708	  7.6357208266686616	 34.2671432763663049	
  3.5375000000000165	 -1.0325489094112552	  7.6777278465461141	 34.6677496475281899	
  3.5500000000000167	 -1.0174807132476031	  7.7192208346040854	 35.0731214605909969	
  3.5625000000000169	 -1.0020001923825019	  7.7601868931820350	 35.4833364490676857	
  3.5750000000000171	 -0.9861205200529519	  7.8006134122677979	 35.8984734799467020	
  3.5875000000000172	 -0.9698551847462579	  7.8404880770720879	 36.3186125566386764	
  3.6000000000000174	 -0.9532179828194566	  7.8797988754163057	 36.7438348218605313	
  3.6125000000000176	 -0.9362230109340498	  7.9185341049288231	 37.1742225604631358	
  3.6250000000000178	 -0.9188846583108301	  7.9566823800450228	 37.6098592022090301	
  3.6375000000000179	 -0.9012175988097054	  7.9942326388065004	 38.0508293245066298	
  3.6500000000000181	 -0.8832367828395438	  8.0311741494549498	 38.4972186551076803	
  3.6625000000000183	 -0.8649574291031710	  8.0674965168163801	 38.9491140747746556	
  3.6750000000000185	 -0.8463950161827624	  8.1031896884714438	 39.4066036199251428	
  3.6875000000000187	 -0.8275652739709772	  8.1382439607077774	 39.8697764852601395	
  3.7000000000000188	 -0.8084841749532837	  8.1726499842503824	 40.3387230263835619	
  3.7125000000000190	 -0.7891679253470251	  8.2063987697662419	 40.8135347624201827	
  3.7250000000000192	 -0.7696329561028700	  8.2394816931394494	 41.2943043786394455	
  3.7375000000000194	 -0.7498959137743847	  8.2718905005133347	 41.7811257290926648	
  3.7500000000000195	 -0.7299736512615523	  8.3036173130961384	 42.2740938392713090	
  3.7625000000000197	 -0.7098832184341498	  8.3346546317270036	 42.7733049087940316	
  3.7750000000000199	 -0.6896418526409757	  8.3649953411991458	 43.2788563141303584	
  3.7875000000000201	 -0.6692669691109980	  8.3946327143372326	 43.7908466113689983	
  3.8000000000000203	 -0.6487761512525683	  8.4235604158261559	 44.3093755390387969	
  3.8125000000000204	 -0.6281871408569154	  8.4517725057885258	 44.8345440209904709	
  3.8250000000000206	 -0.6075178282122032	  8.4792634431083727	 45.3664541693474277	
  3.8375000000000208	 -0.5867862421344949	  8.5060280884986881	 45.9052092875339071	
  3.8500000000000210	 -0.5660105399220288	  8.5320617073106195	 46.4509138733889344	
  3.8625000000000211	 -0.5452089972392643	  8.5573599720822529	 47.0036736223745066	
  3.8750000000000213	 -0.5243999979372090	  8.5819189648251157	 47.5635954308866431	
  3.8875000000000215	 -0.5036020238165823	  8.6057351790466665	 48.1307873996778852	
  3.9000000000000217	 -0.4828336443404166	  8.6288055215072035	 48.7053588373999844	
  3.9125000000000218	 -0.4621135063027376	  8.6511273137098179	 49.2874202642755534	
  3.9250000000000220	 -0.4414603234599933	  8.6726982931221244	 49.8770834159074710	
  3.9375000000000222	 -0.4208928661319413	  8.6935166141287201	 50.4744612472350127	
  3.9500000000000224	 -0.4004299507787244	  8.7135808487134714	 51.0796679366455848	
  3.9625000000000226	 -0.3800904295608887	  8.7328899868708678	 51.6928188902510826	
  3.9750000000000227	 -0.3598931798891182	  8.7514434367458964	 52.3140307463379415	
  3.9875000000000229	 -0.3398570939704719	  8.7692410245020245	 52.9434213799999043	
  4.0000000000000231	 -0.3200010683579225	  8.7862829939170446	 53.5811099079627198	
  4.0125000000000233	 -0.3003439935099975	  8.8025700057067340	 54.2272166936098543	
  4.0250000000000234	 -0.2809047433673303	  8.8181031365764113	 54.8818633522184385	
  4.0375000000000236	 -0.2617021649529213	  8.8328838780006649	 55.5451727564146651	
  4.0500000000000238	 -0.2427550680029058	  8.8469141347316960	 56.2172690418579180	
  4.0625000000000240	 -0.2240822146346146	  8.8601962230368621	 56.8982776131628114	
  4.0750000000000242	 -0.2057023090586942	  8.8727328686662119	 57.5883251500684921	
  4.0875000000000243	 -0.1876339873420401	  8.8845272045509418	 58.2875396138644604	
  4.1000000000000245	 -0.1698958072282678	  8.8955827682338686	 58.9960502540822205	
  4.1125000000000247	 -0.1525062380224223	  8.9059034990332062	 59.7139876154620524	
  4.1250000000000249	 -0.1354836505465934	  8.9154937349410766	 60.4414835452042212	
  4.1375000000000250	 -0.1188463071730678	  8.9243582092583438	 61.1786712005139179	
  4.1500000000000252	 -0.1026123519416104	  8.9325020469675511	 61.9256850564492183	
  4.1625000000000254	 -0.0867998007674229	  8.9399307608458756	 62.6826609140813744	
  4.1750000000000256	 -0.0714265317462773	  8.9466502473201928	 63.4497359089766562	
  4.1875000000000258	 -0.0565102755632737	  8.9526667820664958	 64.2270485200090349	
  4.2000000000000259	 -0.0420686060116126	  8.9579870153560819	 65.0147385785129472	
  4.2125000000000261	 -0.0281189306277119	  8.9626179671510524	 65.8129472777853124	
  4.2250000000000263	 -0.0146784814489369	  8.9665670219518674	 66.6218171829460033	
  4.2375000000000265	 -0.0017643059001415	  8.9698419233998052	 67.4414922411659177	
  4.2500000000000266	  0.0106067421848523	  8.9724507686373762	 68.2721177922717430	
  4.2625000000000268	  0.0224180114007854	  8.9744020024298408	 69.1138405797365181	
  4.2750000000000270	  0.0336530614615301	  8.9757044110511774	 69.9668087620649857	
  4.2875000000000272	  0.0442956717378082	  8.9763671159379577	 70.8311719245827902	
  4.3000000000000274	  0.0543298496362557	  8.9763995671147505	 71.7070810916383437	
  4.3125000000000275	  0.0637398388141232	  8.9758115363948043	 72.5946887392264131	
  4.3250000000000277	  0.0725101272239919	  8.9746131103599200	 73.4941488080420555	
  4.3375000000000279	  0.0806254549829885	  8.9728146831235378	 74.4056167169738814	
  4.3500000000000281	  0.0880708220610756	  8.9704269488811992	 75.3292493770452580	
  4.3625000000000282	  0.0948314957831041	  8.9674608942527136	 76.2652052058120518	
  4.3750000000000284	  0.1008930181394206	  8.9639277904204349	 77.2136441422256752	
  4.3875000000000286	  0.1062412128999300	  8.9598391850682191	 78.1747276619697260	
  4.4000000000000288	  0.1108621925266341	  8.9552068941257481	 79.1486187932788994	
  4.4125000000000290	  0.1147423648797763	  8.9500429933230201	 80.1354821332483311	
  4.4250000000000291	  0.1178684397128504	  8.9443598095599341	 81.1354838646418557	
  4.4375000000000293	  0.1202274349518473	  8.9381699120960008	 82.1487917732072930	
  4.4500000000000295	  0.1218066827542458	  8.9314861035653372	 83.1755752655068790	
  4.4625000000000297	  0.1225938353433778	  8.9243214108222055	 84.2160053872710108	
  4.4750000000000298	  0.1225768706139314	  8.9166890756224575	 85.2702548422831370	
  4.4875000000000300	  0.1217440975044914	  8.9086025451463549	 86.3384980118037930	
  4.5000000000000302	  0.1200841611331488	  8.9000754623683349	 87.4209109745414850	
  4.5125000000000304	  0.1175860476923556	  8.8911216562793829	 88.5176715271782086	
  4.5250000000000306	  0.1142390890993387	  8.8817551319677666	 89.6289592054571074	
  4.5375000000000307	  0.1100329673985313	  8.8719900605639808	 90.7549553058398715	
  4.5500000000000309	  0.1049577189126293	  8.8618407690558172	 91.8958429077412546	
  4.5625000000000311	  0.0990037381390232	  8.8513217299795883	 93.0518068963480403	
  4.5750000000000313	  0.0921617813885113	  8.8404475509935772	 94.2230339860296340	
  4.5875000000000314	  0.0844229701633492	  8.8292329643398872	 95.4097127443475301	
  4.6000000000000316	  0.0757787942718448	  8.8176928162008998	 96.6120336166704163	
  4.6125000000000318	  0.0662211146768657	  8.8058420559566706	 97.8301889514021781	
  4.6250000000000320	  0.0557421660757809	  8.7936957253495844	 99.0643730258292550	
  4.6375000000000322	  0.0443345592095189	  8.7812689475627153	100.3147820725943262	
  4.6500000000000323	  0.0319912828985852	  8.7685769162183504	101.5816143068028055	
  4.6625000000000325	  0.0187057058040423	  8.7556348843031842	102.8650699537686108	
  4.6750000000000327	  0.0044715779116203	  8.7424581530267744	104.1653512774056907	
  4.6875000000000329	 -0.0107169682627120	  8.7290620606198495	105.4826626092714861	
  4.7000000000000330	 -0.0268654167472174	  8.7154619710791117	106.8172103782685980	
  4.7125000000000332	 -0.0439788674702412	  8.7016732628652207	108.1692031410106409	
  4.7250000000000334	 -0.0620620358986124	  8.6877113175606571	109.5388516128582665	
  4.7375000000000336	 -0.0811192529595976	  8.6735915084942068	110.9263686996312543	
  4.7500000000000338	 -0.1011544652472441	  8.6593291893388074	112.3319695300022971	
  4.7625000000000339	 -0.1221712355137757	  8.6449396826895324	113.7558714885782649	
  4.7750000000000341	 -0.1441727434465390	  8.6304382686284864	115.1982942496743334	
  4.7875000000000343	 -0.1671617867308286	  8.6158401732834058	116.6594598117864763	
  4.8000000000000345	 -0.1911407823987452	  8.6011605573867538	118.1395925327675940	
  4.8125000000000346	 -0.2161117684640780	  8.5864145048420948	119.6389191657125366	
  4.8250000000000348	 -0.2420764058430274	  8.5716170113045429	121.1576688955570944	
  4.8375000000000350	 -0.2690359805604156	  8.5567829727820488	122.6960733763959013	
  4.8500000000000352	 -0.2969914062408661	  8.5419271742642966	124.2543667695242959	
  4.8625000000000353	 -0.3259432268842604	  8.5270642783859447	125.8327857822087310	
  4.8750000000000355	 -0.3558916199246135	  8.5122088141309398	127.4315697071906470	
  4.8875000000000357	 -0.3868363995713418	  8.4973751655845895	129.0509604629282023	
  4.9000000000000359	 -0.4187770204317289	  8.4825775607400686	130.6912026345805486	
  4.9125000000000361	 -0.4517125814132290	  8.4678300603659675	132.3525435157389154	
  4.9250000000000362	 -0.4856418299040816	  8.4531465469414968	134.0352331509088515	
  4.9375000000000364	 -0.5205631662305460	  8.4385407136658639	135.7395243787478876	
  4.9500000000000366	 -0.5564746483889013	  8.4240260535483404	137.4656728760627118	
  4.9625000000000368	 -0.5933739970501946	  8.4096158485854602	139.2139372025699231	
  4.9750000000000369	 -0.6312586008355598	  8.3953231590317223	140.9845788464242844	
  4.9875000000000371	 -0.6701255218597686	  8.3811608127701422	142.7778622705183409	
  5.0000000000000373	 -0.7099715015405169	  8.3671413947889128	144.5940549595573259	
  5.0125000000000375	 -0.7507929666707960	  8.3532772367703583	146.4334274679128214	
  5.0250000000000377	 -0.7925860357515389	  8.3395804067983228	148.2962534682590956	
  5.0375000000000378	 -0.8353465255815826	  8.3260626991900146	150.1828098009954715	
  5.0500000000000380	 -0.8790699581018342	  8.3127356244582966	152.0933765244583924	
  5.0625000000000382	 -0.9237515674903787	  8.2996103994102874	154.0282369659263964	
  5.0750000000000384	 -0.9693863075051234	  8.2866979373880785	155.9876777734215807	
  5.0875000000000385	 -1.0159688590704234	  8.2740088386572541	157.9719889683108249	
  5.1000000000000387	 -1.0634936381039941	  8.2615533809488380	159.9814639987098985	
  5.1125000000000389	 -1.1119548035802751	  8.2493415101601606	162.0163997936937506	
  5.1250000000000391	 -1.1613462658262730	  8.2373828312200548	164.0770968183161642	
  5.1375000000000393	 -1.2116616950457735	  8.2256865991236854	166.1638591294417893	
  5.1500000000000394	 -1.2628945300676833	  8.2142617101421838	168.2769944323936500	
  5.1625000000000396	 -1.3150379873141307	  8.2031166932121860	170.4168141384191699	
  5.1750000000000398	 -1.3680850699838281	  8.1922597015102134	172.5836334229776696	
  5.1875000000000400	 -1.4220285774460748	  8.1816985042167403	174.7777712848523493	
  5.2000000000000401	 -1.4768611148406583	  8.1714404784746719	176.9995506060895138	
  5.2125000000000403	 -1.5325751028787935	  8.1614926015468185	179.2492982127682524	
  5.2250000000000405	 -1.5891627878401251	  8.1518614431768146	181.5273449366032139	
  5.2375000000000407	 -1.6466162517607068	  8.1425531581578365	183.8340256773833232	
  5.2500000000000409	 -1.7049274228067630	  8.1335734791132879	186.1696794662496757	
  5.2625000000000410	 -1.7640880858289330	  8.1249277094935213	188.5346495298148852	
  5.2750000000000412	 -1.8240898930915970	  8.1166207167925144	190.9292833551273816	
  5.2875000000000414	 -1.8849243751717861	  8.1086569259882655	193.3539327554830152	
  5.3000000000000416	 -1.9465829520220816	  8.1010403132105306	195.8089539370872103	
  5.3125000000000417	 -2.0090569441918205	  8.0937743996393969	198.2947075665702528	
  5.3250000000000419	 -2.0723375842008376	  8.0868622456380059	200.8115588393590087	
  5.3375000000000421	 -2.1364160280598896	  8.0803064451226074	203.3598775489075479	
  5.3500000000000423	 -2.2012833669318264	  8.0741091201729596	205.9400381567900808	
  5.3625000000000425	 -2.2669306389275046	  8.0682719158859406	208.5524198636589972	
  5.3750000000000426	 -2.3333488410303582	  8.0627959954750850	211.1974066810709871	
  5.3875000000000428	 -2.4005289411434831	  8.0576820356185603	213.8753875041846300	
  5.4000000000000430	 -2.4684618902530211	  8.0529302220579950	216.5867561853321774	
  5.4125000000000432	 -2.5371386347015732	  8.0485402454503525	219.3319116084692268	
  5.4250000000000433	 -2.6065501285653165	  8.0445112974749033	222.1112577645050692	
  5.4375000000000435	 -2.6766873461284462	  8.0408420671971861	224.9252038275174357	
  5.4500000000000437	 -2.7475412944485189	  8.0375307376916485	227.7741642318548827	
  5.4625000000000439	 -2.8191030260062298	  8.0345749829245374	230.6585587501301688	
  5.4750000000000441	 -2.8913636514331187	  8.0319719648983821	233.5788125721086033	
  5.4875000000000442	 -2.9643143523106614	  8.0297183310592786	236.5353563844945768	
  5.5000000000000444	 -3.0379463940341815	  8.0278102119680028	239.5286264516203971	
  5.5125000000000446	 -3.1122511387349836	  8.0262432192357949	242.5590646970410376	
  5.5250000000000448	 -3.1872200582540908	  8.0250124437254815	245.6271187860389773	
  5.5375000000000449	 -3.2628447471609561	  8.0241124540184483	248.7332422090431407	
  5.5500000000000451	 -3.3391169358104973	  8.0235372951477704	251.8778943659661991	
  5.5625000000000453	 -3.4160285034318054	  8.0232804875976491	255.0615406514644405	
  5.5750000000000455	 -3.4935714912418665	  8.0233350265691197	258.2846525411248990	
  5.5875000000000457	 -3.5717381155776406	  8.0236933815118174	261.5477076785842314	
  5.6000000000000458	 -3.6505207810398477	  8.0243474959214129	264.8511899635840336	
  5.6125000000000460	 -3.7299120936418149	  8.0252887874021486	268.1955896409677962	
  5.6250000000000462	 -3.8099048739567634	  8.0265081479937326	271.5814033906243026	
  5.6375000000000464	 -3.8904921702569224	  8.0279959447616616	275.0091344183828141	
  5.6500000000000465	 -3.9716672716378834	  8.0297420206498806	278.4792925478653274	
  5.6625000000000467	 -4.0534237211216384	  8.0317356955944952	281.9923943133019293	
  5.6750000000000469	 -4.1357553287317783	  8.0339657678970848	285.5489630533143099	
  5.6875000000000471	 -4.2186561845343533	  8.0364205158559905	289.1495290056741396	
  5.7000000000000473	 -4.3021206716379563	  8.0390876996537699	292.7946294030419949	
  5.7125000000000474	 -4.3861434791466145	  8.0419545634988410	296.4848085696932003	
  5.7250000000000476	 -4.4707196150591457	  8.0450078380191616	300.2206180192375768	
  5.7375000000000478	 -4.5558444191086691	  8.0482337429056354	304.0026165533393510	
  5.7500000000000480	 -4.6415135755360311	  8.0516179898027236	307.8313703614446126	
  5.7625000000000481	 -4.7277231257909653	  8.0551457854436155	311.7074531215234288	
  5.7750000000000483	 -4.8144694811548776	  8.0588018350271327	315.6314461018340012	
  5.7875000000000485	 -4.9017494352792017	  8.0625703458333433	319.6039382637168274	
  5.8000000000000487	 -4.9895601766333701	  8.0664350310747484	323.6255263654264809	
  5.8125000000000488	 -5.0778993008565037	  8.0703791139796870	327.6968150670095383	
  5.8250000000000490	 -5.1667648230070142	  8.0743853321044963	331.8184170362369514	
  5.8375000000000492	 -5.2561551897044039	  8.0784359418707492	335.9909530555997321	
  5.8500000000000494	 -5.3460692911576375	  8.0825127233237861	340.2150521303766482	
  5.8625000000000496	 -5.4365064730745454	  8.0865969851085673	344.4913515977838188	
  5.8750000000000497	 -5.5274665484468333	  8.0906695696587221	348.8204972372149655	
  5.8875000000000499	 -5.6189498092053674	  8.0947108585945351	353.2031433815831178	
  5.9000000000000501	 -5.7109570377405063	  8.0987007783254494	357.6399530297729825	
  5.9125000000000503	 -5.8034895182823725	  8.1026188058525292	362.1315979602152311	
  5.9250000000000504	 -5.8965490481360616	  8.1064439747661581	366.6787588455931086	
  5.9375000000000506	 -5.9901379487669102	  8.1101548814341378	371.2821253686921636	
  5.9500000000000508	 -6.0842590767310591	  8.1137296913751928	375.9423963394053771	
  5.9625000000000510	 -6.1789158344466815	  8.1171461458127574	380.6602798129044345	
  5.9750000000000512	 -6.2741121808013647	  8.1203815684037899	385.4364932089898161	
  5.9875000000000513	 -6.3698526415912724	  8.1234128721372301	390.2717634326320990	
  6.0000000000000515	 -6.4661423197878438	  8.1262165663965700	395.1668269957166899	
  6.0125000000000517	 -6.5629869056279322	  8.1287687641809274	400.1224301400059176	
  6.0250000000000519	 -6.6603926865234113	  8.1310451894788365	405.1393289613311026	
  6.0375000000000520	 -6.7583665567864433	  8.1330211847888929	410.2182895350292142	
  6.0500000000000522	 -6.8569160271667240	  8.1346717187812700	415.3600880426375284	
  6.0625000000000524	 -6.9560492341971951	  8.1359713940939926	420.5655108998614082	
  6.0750000000000526	 -7.0557749493448476	  8.1368944552577709	425.8353548858298723	
  6.0875000000000528	 -7.1561025879634057	  8.1374147967430659	431.1704272736544681	
  6.1000000000000529	 -7.2570422180448313	  8.1375059711230140	436.5715459623070274	
  6.1125000000000531	 -7.3586045687667587	  8.1371411973456560	442.0395396098322180	
  6.1250000000000533	 -7.4608010388331198	  8.1362933691089037	447.5752477679118897	
  6.1375000000000535	 -7.5636437046053997	  8.1349350633315503	453.1795210177976401	
  6.1500000000000536	 -7.6671453280221140	  8.1330385487135395	458.8532211076292811	
  6.1625000000000538	 -7.7713193643042784	  8.1305757943786574	464.5972210911565412	
  6.1750000000000540	 -7.8761799694448147	  8.1275184785926964	470.4124054678827065	
  6.1875000000000542	 -7.9817420074800003	  8.1238379975501029	476.2996703246483889	
  6.2000000000000544	 -8.0880210575412512	  8.1195054742220378	482.2599234786742386	
  6.2125000000000545	 -8.1950334206857036	  8.1144917672586931	488.2940846220828348	
  6.2250000000000547	 -8.3027961265042389	  8.1087674799386864	494.4030854679188565	
  6.2375000000000549	 -8.4113269395057753	  8.1023029691582700	500.5878698976880514	
  6.2500000000000551	 -8.5206443652768211	  8.0950683544530442	506.8493941104363785	
  6.2625000000000552	 -8.6307676564154985	  8.0870335270448273	513.1886267733895011	
  6.2750000000000554	 -8.7417168182393805	  8.0781681589062799	519.6065491741755977	
  6.2875000000000556	 -8.8535126142667266	  8.0684417118358382	526.1041553746521231	
  6.3000000000000558	 -8.9661765714708341	  8.0578234465354903	532.6824523663610762	
  6.3125000000000560	 -9.0797309853074495	  8.0462824316838955	539.3424602276338646	
  6.3250000000000561	 -9.1941989245153550	  8.0337875529972926	546.0852122823708896	
  6.3375000000000563	 -9.3096042356904256	  8.0203075222706630	552.9117552605191577	
  6.3500000000000565	 -9.4259715476336616	  8.0058108863915738	559.8231494602727025	
  6.3625000000000567	 -9.5433262754738752	  7.9902660363191123	566.8204689120209423	
  6.3750000000000568	 -9.6616946245659001	  7.9736412160203125	573.9048015440697554	
  6.3875000000000570	 -9.7811035941653959	  7.9559045313564800	581.0772493501630152	
  6.4000000000000572	 -9.9015809808814872	  7.9370239589118174	588.3389285588290250	
  6.4125000000000574	-10.0231553819086940	  7.9169673547567427	595.6909698045806181	
  6.4250000000000576	-10.1458561980397786	  7.8957024631383321	603.1345183009950688	
  6.4375000000000577	-10.2697136364613240	  7.8731969250902827	610.6707340157036015	
  6.4500000000000579	-10.3947587133340704	  7.8494182869548812	618.3007918473168729	
  6.4625000000000581	-10.5210232561602020	  7.8243340088093936	626.0258818043178053	
  6.4750000000000583	-10.6485399059399697	  7.7979114727893961	633.8472091859495094	
  6.4875000000000584	-10.7773421191202381	  7.7701179913015670	641.7659947651299035	
  6.5000000000000586	-10.9074641693377021	  7.7409208151184732	649.7834749734224715	
  6.5125000000000588	-11.0389411489597435	  7.7102871413479654	657.9009020880955632	
  6.5250000000000590	-11.1718089704260475	  7.6781841212698030	666.1195444213010433	
  6.5375000000000592	-11.3061043673943047	  7.6445788680321973	674.4406865114052607	
  6.5500000000000593	-11.4418648956935023	  7.6094384642010136	682.8656293165046236	
  6.5625000000000595	-11.5791289340884802	  7.5727299691544046	691.3956904101597729	
  6.5750000000000597	-11.7179356848596239	  7.5344204263157382	700.0322041793817789	
  6.5875000000000599	-11.8583251742017328	  7.4944768702177313	708.7765220249053755	
  6.6000000000000600	-12.0003382524462925	  7.4528663333907632	717.6300125637836800	
  6.6125000000000602	-12.1440165941115268	  7.4095558530684258	726.5940618343406641	
  6.6250000000000604	-12.2894026977848192	  7.3645124777034372	735.6700735035168464	
  6.6375000000000606	-12.4365398858422367	  7.3177032732871226	744.8594690766459507	
  6.6500000000000608	-12.5854723040100609	  7.2690953294657614	754.1636881096987963	
  6.6625000000000609	-12.7362449207734194	  7.2186557654471635	763.5841884240333002	
  6.6750000000000611	-12.8889035266372431	  7.1663517356909585	773.1224463236878819	
  6.6875000000000613	-13.0434947332449731	  7.1121504353761482	782.7799568152587426	
  6.7000000000000615	-13.2000659723605729	  7.0560191056395922	792.5582338303995584	
  6.7125000000000616	-13.3586654947195864	  6.9979250385791802	802.4588104509840605	
  6.7250000000000618	-13.5193423687551100	  6.9378355820155662	812.4832391369728839	
  6.7375000000000620	-13.6821464792047234	  6.8757181440064290	822.6330919570252718	
  6.7500000000000622	-13.8471285256045658	  6.8115401971073624	832.9099608218979256	
  6.7625000000000624	-14.0143400206768849	  6.7452692823735863	843.3154577206738622	
  6.7750000000000625	-14.1838332886175476	  6.6768730130967846	853.8512149598644783	
  6.7875000000000627	-14.3556614632901312	  6.6063190782715546	864.5188854054276817	
  6.8000000000000629	-14.5298784863333452	  6.5335752457859835	875.3201427277475659	
  6.8125000000000631	-14.7065391051886980	  6.4586093653310677	886.2566816496206457	
  6.8250000000000632	-14.8856988710554248	  6.3813893710238139	897.3302181972927656	
  6.8375000000000634	-15.0674141367798331	  6.3018832837389374	908.5424899545951121	
  6.8500000000000636	-15.2517420546863622	  6.2200592131442853	919.8952563202243482	
  6.8625000000000638	-15.4387405743577588	  6.1358853594351892	931.3902987682149615	
  6.8750000000000639	-15.6284684403718828	  6.0493300147631253	943.0294211116522547	
  6.8875000000000641	-15.8209851900028085	  5.9603615643541961	954.8144497696741837	
  6.9000000000000643	-16.0163511508939571	  5.8689484873130837	966.7472340378112676	
  6.9125000000000645	-16.2146274387111333	  5.7750593571082778	978.8296463617149357	
  6.9250000000000647	-16.4158759547834308	  5.6786628417345373	991.0635826143247868	
  6.9375000000000648	-16.6201593837400701	  5.5797277035486879	1003.4509623765256947	
  6.9500000000000650	-16.8275411911513544	  5.4782227987750014	1015.9937292213468254	
  6.9625000000000652	-17.0380856211819811	  5.3741170766765940	1028.6938510017548651	
  6.9750000000000654	-17.2518576942650697	  5.2673795783893826	1041.5533201420951173	
  6.9875000000000655	-17.4689232048053391	  5.1579794354153528	1054.5741539332332195	
  7.0000000000000657	-17.6893487189199590	  5.0458858677720055	1067.7583948314531881	
  7.0125000000000659	-17.9132015722256632	  4.9310681817950375	1081.1081107611655625	
  7.0250000000000661	-18.1405498676807895	  4.8134957675914674	1094.6253954214823807	
  7.0375000000000663	-18.3714624734910075	  4.6931380961405775	1108.3123685967150323	
  7.0500000000000664	-18.6060090210874947	  4.5699647160402179	1122.1711764708518331	
  7.0625000000000666	-18.8442599031864937	  4.4439452498961547	1136.2039919460728470	
  7.0750000000000668	-19.0862862719390947	  4.3150493903523568	1150.4130149653615263	
  7.0875000000000670	-19.3321600371802873	  4.1832468957602433	1164.8004728392704692	
  7.1000000000000671	-19.5819538647862856	  4.0485075854850869	1179.3686205769026856	
  7.1125000000000673	-19.8357411751491632	  3.9108013348479722	1194.1197412211670326	
  7.1250000000000675	-20.0935961417779687	  3.7700980697018172	1209.0561461883710308	
  7.1375000000000677	-20.3555936900354268	  3.6263677606401847	1224.1801756122108600	
  7.1500000000000679	-20.6218094960194271	  3.4795804168377606	1239.4941986922219712	
  7.1625000000000680	-20.8923199855984869	  3.3297060795215292	1255.0006140467535261	
  7.1750000000000682	-21.1672023336104509	  3.1767148150718758	1270.7018500705298720	
  7.1875000000000684	-21.4465344632336574	  3.0205767077529919	1286.6003652968645383	
  7.2000000000000686	-21.7303950455398365	  2.8612618520721189	1302.6986487645910984	
  7.2125000000000687	-22.0188634992380372	  2.6987403447673848	1318.9992203897775198	
  7.2250000000000689	-22.3120199906188574	  2.5329822764240650	1335.5046313422901676	
  7.2375000000000691	-22.6099454337082584	  2.3639577227193658	1352.2174644272754449	
  7.2500000000000693	-22.9127214906402763	  2.1916367352959103	1369.1403344716270567	
  7.2625000000000695	-23.2204305722578823	  2.0159893322643372	1386.2758887155071079	
  7.2750000000000696	-23.5331558389512772	  1.8369854883355261	1403.6268072089910675	
  7.2875000000000698	-23.8509812017428935	  1.6545951245831731	1421.1958032139082206	
  7.3000000000000700	-24.1739913236283179	  1.4687880978375718	1438.9856236109458223	
  7.3125000000000702	-24.5022716211823806	  1.2795341897116375	1456.9990493120913015	
  7.3250000000000703	-24.8359082664395920	  1.0868030952603449	1475.2388956784848233	
  7.3375000000000705	-25.1749881890580873	  0.8905644112749259	1493.7080129437538289	
  7.3500000000000707	-25.5195990787762170	  0.6907876242133228	1512.4092866429057267	
  7.3625000000000709	-25.8698293881708885	  0.4874420977685504	1531.3456380468519455	
  7.3750000000000711	-26.2257683357266771	  0.2804970600767292	1550.5200246026413424	
  7.3875000000000712	-26.5875059092247632	  0.0699215905667985	1569.9354403794759492	
  7.4000000000000714	-26.9551328694605985	 -0.1443153935460486	1589.5949165205900044	
  7.4125000000000716	-27.3287407542992540	 -0.3622451511209590	1609.5015217010677588	
  7.4250000000000718	-27.7084218830772819	 -0.5838991313036359	1629.6583625916803157	
  7.4375000000000719	-28.0942693613598777	 -0.8093089880877016	1650.0685843288204069	
  7.4500000000000721	-28.4863770860620740	 -1.0385065952225006	1670.7353709906158201	
  7.4625000000000723	-28.8848397509426391	 -1.2715240614646093	1691.6619460793033340	
  7.4750000000000725	-29.2897528524792570	 -1.5083937461700658	1712.8515730099445591	
  7.4875000000000727	-29.7012126961335134	 -1.7491482752243317	1734.3075556055671314	
  7.5000000000000728	-30.1193164030141247	 -1.9938205573067651	1756.0332385988156148	
  7.5125000000000730	-30.5441619169467984	 -2.2424438004863281	1778.0320081401957850	
  7.5250000000000732	-30.9758480119589592	 -2.4950515291450959	1800.3072923129984702	
  7.5375000000000734	-31.4144743001875888	 -2.7516776012260467	1822.8625616549900315	
  7.5500000000000735	-31.8601412402182440	 -3.0123562258014775	1845.7013296869556598	
  7.5625000000000737	-32.3129501458632831	 -3.2771219809582908	1868.8271534481848448	
  7.5750000000000739	-32.7730031953872469	 -3.5460098319963045	1892.2436340389879206	
  7.5875000000000741	-33.2404034411871550	 -3.8190551499355743	1915.9544171703328175	
  7.6000000000000743	-33.7152548199355451	 -4.0962937303287426	1939.9631937206954717	
  7.6125000000000744	-34.1976621631937689	 -4.3777618123741835	1964.2737003002132496	
  7.6250000000000746	-34.6877312085031306	 -4.6634960983257230	1988.8897198222352927	
  7.6375000000000748	-35.1855686109612762	 -4.9535337731946241	2013.8150820823650520	
  7.6500000000000750	-35.6912819552911458	 -5.2479125247393767	2039.0536643450875545	
  7.6625000000000751	-36.2049797684096362	 -5.5466705637388198	2064.6093919380787156	
  7.6750000000000753	-36.7267715325031077	 -5.8498466445440380	2090.4862388542928784	
  7.6875000000000755	-37.2567676986167129	 -6.1574800859043473	2116.6882283619288501	
  7.7000000000000757	-37.7950797007643260	 -6.4696107920627011	2143.2194336223678874	
  7.7125000000000759	-38.3418199705659006	 -6.7862792741157421	2170.0839783161895866	
  7.7250000000000760	-38.8971019524188009	 -7.1075266716336554	2197.2860372773629933	
  7.7375000000000762	-39.4610401192096489	 -7.4333947745349569	2224.8298371357154792	
  7.7500000000000764	-40.0337499885730281	 -7.7639260452112913	2252.7196569677853404	
  7.7625000000000766	-40.6153481397033147	 -8.0991636408972330	2280.9598289561558886	
  7.7750000000000767	-41.2059522307257495	 -8.4391514362801896	2309.5547390573838129	
  7.7875000000000769	-41.8056810166327608	 -8.7839340463451663	2338.5088276786241295	
  7.8000000000000771	-42.4146543677913925	 -9.1335568494495245	2367.8265903630576759	
  7.8125000000000773	-43.0329932890276368	 -9.4880660106225037	2397.5125784842348367	
  7.8250000000000774	-43.6608199392932050	 -9.8475085050844253	2427.5713999494405471	
  7.8375000000000776	-44.2982576519203164	-10.2119321419804638	2458.0077199121947160	
  7.8500000000000778	-44.9454309554698312	-10.5813855883237693	2488.8262614939976629	
  7.8625000000000780	-45.6024655951779323	-10.9559183931429178	2520.0318065154374381	
  7.8750000000000782	-46.2694885550065109	-11.3355810118283671	2551.6291962367690758	
  7.8875000000000783	-46.9466280803022258	-11.7204248306729433	2583.6233321080867427	
  7.9000000000000785	-47.6340137010690512	-12.1105021916010571	2616.0191765292011041	
  7.9125000000000787	-48.3317762558590829	-12.5058664170816876	2648.8217536193428714	
  7.9250000000000789	-49.0400479162861274	-12.9065718352198981	2682.0361499968134922	
  7.9375000000000790	-49.7589622121666295	-13.3126738050218538	2715.6675155687007646	
  7.9500000000000792	-50.4886540572921803	-13.7242287418283180	2749.7210643307830651	
  7.9625000000000794	-51.2292597758378889	-14.1412941429115619	2784.2020751777472469	
  7.9750000000000796	-51.9809171294106847	-14.5639286132307291	2819.1158927238438991	
  7.9875000000000798	-52.7437653447414547	-14.9921918913407346	2854.4679281341050228	
  8.0000000000000799	-53.5179451420249777	-15.4261448754498183	2890.2636599662555454	
  8.0125000000000792	-54.3035987639112250	-15.8658496496208947	2926.5086350234446400	
  8.0250000000000785	-55.1008700051517479	-16.3113695101119269	2963.2084692179291778	
  8.0375000000000778	-55.9099042429045525	-16.7627689918507699	3000.3688484458416497	
  8.0500000000000771	-56.7308484677008238	-17.2201138950395745	3037.9955294731744289	
  8.0625000000000764	-57.5638513150768176	-17.6834713118844462	3076.0943408331186220	
  8.0750000000000757	-58.4090630978739327	-18.1529096534457288	3114.6711837348912013	
  8.0875000000000750	-59.2666358392100818	-18.6284986766046252	3153.7320329841900275	
  8.1000000000000743	-60.1367233061251980	-19.1103095111417609	3193.2829379154172784	
  8.1125000000000735	-61.0194810439037454	-19.5984146869235545	3233.3300233358118021	
  8.1250000000000728	-61.9150664110768361	-20.0928881611922527	3273.8794904816336384	
  8.1375000000000721	-62.8236386151066455	-20.5938053459556336	3314.9376179865453196	
  8.1500000000000714	-63.7453587487555424	-21.1012431354724868	3356.5107628623372875	
  8.1625000000000707	-64.6803898271423634	-21.6152799338300845	3398.6053614921438566	
  8.1750000000000700	-65.6288968254881127	-22.1359956826100372	3441.2279306363020623	
  8.1875000000000693	-66.5910467175533682	-22.6634718886388917	3484.3850684510025530	
  8.2000000000000686	-67.5670085147693413	-23.1977916518201610	3528.0834555198866838	
  8.2125000000000679	-68.5569533060648553	-23.7390396930445178	3572.3298558987462457	
  8.2250000000000671	-69.5610542983909710	-24.2873023821749179	3617.1311181734808997	
  8.2375000000000664	-70.5794868579453407	-24.8426677661037694	3662.4941765314738404	
  8.2500000000000657	-71.6124285520979385	-25.4052255968792764	3708.4260518465457608	
  8.2625000000000650	-72.6600591920199292	-25.9750673598982047	3754.9338527776485535	
  8.2750000000000643	-73.7225608760173827	-26.5522863021626065	3802.0247768814665505	
  8.2875000000000636	-74.8001180335714508	-27.1369774605981320	3849.7061117390885556	
  8.3000000000000629	-75.8929174700864024	-27.7292376904316207	3897.9852360969225629	
  8.3125000000000622	-77.0011484123471917	-28.3291656936260452	3946.8696210220186913	
  8.3250000000000615	-78.1250025546878391	-28.9368620473708944	3996.3668310719804140	
  8.3375000000000608	-79.2646741058721176	-29.5524292326262561	4046.4845254796309746	
  8.3500000000000600	-80.4203598366877799	-30.1759716627191921	4097.2304593526187091	
  8.3625000000000593	-81.5922591282557619	-30.8075957119909880	4148.6124848881354410	
  8.3750000000000586	-82.7805740210555427	-31.4474097444941698	4200.6385526029334869	
  8.3875000000000579	-83.9855092646678969	-32.0955241427383626	4253.3167125788195335	
  8.4000000000000572	-85.2072723682363602	-32.7520513364842358	4306.6551157238145606	
  8.4125000000000565	-86.4460736516484758	-33.4171058315849763	4360.6620150491717141	
  8.4250000000000558	-87.7021262974380988	-34.0908042388749664	4415.3457669624303890	
  8.4375000000000551	-88.9756464034099821	-34.7732653031055037	4470.7148325767147981	
  8.4500000000000544	-90.2668530359876229	-35.4646099319276757	4526.7777790364589237	
  8.4625000000000536	-91.5759682842858211	-36.1649612249226138	4583.5432808597633993	
  8.4750000000000529	-92.9032173149088862	-36.8744445026797152	4641.0201212975798626	
  8.4875000000000522	-94.2488284274758854	-37.5931873359235169	4699.2171937099301431	
  8.5000000000000515	-95.6130331108739711	-38.3213195746901505	4758.1435029593585568	
  8.5125000000000508	-96.9960661002412223	-39.0589733775545795	4817.8081668218319464	
  8.5250000000000501	-98.3981654346800951	-39.8062832409100338	4878.2204174152902851	
  8.5375000000000494	-99.8195725157028448	-40.5633860283012382	4939.3896026460706707	
  8.5500000000000487	-101.2605321664103712	-41.3304209998133416	5001.3251876734075267	
  8.5625000000000480	-102.7212926914057078	-42.1075298415186481	5064.0367563922400223	
  8.5750000000000473	-104.2021059374436760	-42.8948566949835026	5127.5340129345386231	
  8.5875000000000465	-105.7032273548182673	-43.6925481868378256	5191.8267831893772382	
  8.6000000000000458	-107.2249160594892174	-44.5007534584103368	5256.9250163419801538	
  8.6125000000000451	-108.7674348959494779	-45.3196241954323327	5322.8387864319711298	
  8.6250000000000444	-110.3310505008352891	-46.1493146578134414	5389.5782939310574875	
  8.6375000000000437	-111.9160333672806331	-46.9899817094929304	5457.1538673403802022	
  8.6500000000000430	-113.5226579100179549	-47.8417848483703665	5525.5759648077810198	
  8.6625000000000423	-115.1512025312272129	-48.7048862363197799	5594.8551757652121523	
  8.6750000000000416	-116.8019496871352061	-49.5794507292915654	5665.0022225865450309	
  8.6875000000000409	-118.4751859553674933	-50.4656459075067403	5736.0279622660200403	
  8.7000000000000401	-120.1712021030551654	-51.3636421057485393	5807.9433881175909846	
  8.7125000000000394	-121.8902931556988847	-52.2736124437562495	5880.7596314954162153	
  8.7250000000000387	-123.6327584667927937	-53.1957328567268348	5954.4879635357565348	
  8.7375000000000380	-125.3989017882109636	-54.1301821259298350	6029.1397969205363552	
  8.7500000000000373	-127.1890313413592111	-55.0771419094416075	6104.7266876628382306	
  8.7625000000000366	-129.0034598890952395	-56.0367967730048733	6181.2603369145926990	
  8.7750000000000359	-130.8425048084203581	-57.0093342210201897	6258.7525927967362804	
  8.7875000000000352	-132.7064881639458633	-57.9949447276758576	6337.2154522521159379	
  8.8000000000000345	-134.5957367821377488	-58.9938217682233272	6416.6610629214101209	
  8.8125000000000338	-136.5105823263433251	-60.0061618504053982	6497.1017250423565201	
  8.8250000000000330	-138.4513613726034578	-61.0321645460444344	6578.5498933725666575	
  8.8375000000000323	-140.4184154862545597	-62.0720325227986152	6661.0181791362174408	
  8.8500000000000316	-142.4120912993245156	-63.1259715760941447	6744.5193519949116308	
  8.8625000000000309	-144.4327405887268583	-64.1941906612416773	6829.0663420430091719	
  8.8750000000000302	-146.4807203552579153	-65.2769019257455767	6914.6722418277186080	
  8.8875000000000295	-148.5563929034015587	-66.3743207418147421	7001.3503083942678131	
  8.9000000000000288	-150.6601259219469284	-67.4866657390842306	7089.1139653564487162	
  8.9125000000000281	-152.7922925654240487	-68.6141588375568290	7177.9768049928570690	
  8.9250000000000274	-154.9532715363629620	-69.7570252807744282	7267.9525903691392159	
  8.9375000000000266	-157.1434471683823233	-70.9154936692288373	7359.0552574865687347	
  8.9500000000000259	-159.3632095101130517	-72.0897959940224951	7451.2989174572767297	
  8.9625000000000252	-161.6129544099636064	-73.2801676707890977	7544.6978587064668318	
  8.9750000000000245	-163.8930836017333377	-74.4868475738851998	7639.2665492019432349	
  8.9875000000000238	-166.2040047910804788	-75.7100780708634602	7735.0196387112928278	
  9.0000000000000231	-168.5461317428520545	-76.9501050572389147	7831.9719610870670294	
  9.0125000000000224	-170.9198843692830394	-78.2071779915595755	7930.1385365803007517	
  9.0250000000000217	-173.3256888190720417	-79.4815499307931219	8029.5345741827277379	
  9.0375000000000210	-175.7639775673418683	-80.7734775660418478	8130.1754739980433442	
  9.0500000000000203	-178.2351895064929295	-82.0832212585977175	8232.0768296425776498	
  9.0625000000000195	-180.7397700379578680	-83.4110450763504048	8335.2544306757445156	
  9.0750000000000188	-183.2781711648666203	-84.7572168305607647	8439.7242650606258394	
  9.0875000000000181	-185.8508515856306360	-86.1220081130129103	8545.5025216550875484	
  9.1000000000000174	-188.4582767884559473	-87.5056943335579973	8652.6055927337802132	
  9.1125000000000167	-191.1009191467948938	-88.9085547580633886	8761.0500765414362832	
  9.1250000000000160	-193.7792580157464783	-90.3308725467806966	8870.8527798778213764	
  9.1375000000000153	-196.4937798294159848	-91.7729347931468169	8982.0307207147670852	
  9.1500000000000146	-199.2449781992446560	-93.2350325630322345	9094.6011308456618281	
  9.1625000000000139	-202.0333540133204622	-94.7174609344509548	9208.5814585678181174	
  9.1750000000000131	-204.8594155366817233	-96.2205190377467829	9323.9893713981109613	
  9.1875000000000124	-207.7236785126253835	-97.7445100962707727	9440.8427588223221392	
  9.2000000000000117	-210.6266662650321564	-99.2897414675653778	9559.1597350785996241	
  9.2125000000000110	-213.5689098017213041	-100.8565246850703829	9678.9586419754577946	
  9.2250000000000103	-216.5509479188480668	-102.4451755003661617	9800.2580517447568127	
  9.2375000000000096	-219.5733273063572142	-104.0560139259704755	9923.0767699300904496	
  9.2500000000000089	-222.6366026545064756	-105.6893642787046730	10047.4338383110371069	
  9.2625000000000082	-225.7413367614740878	-107.3455552236455759	10173.3485378637105896	
  9.2750000000000075	-228.8881006420652398	-109.0249198186796917	10300.8403917580799316	
  9.2875000000000068	-232.0774736375322220	-110.7277955596763519	10429.9291683924966492	
  9.3000000000000060	-235.3100435265241401	-112.4545244262968851	10560.6348844659260067	
  9.3125000000000053	-238.5864066371815682	-114.2054529284568787	10692.9778080883261282	
  9.3250000000000046	-241.9071679603929965	-115.9809321534589941	10826.9784619296769961	
  9.3375000000000039	-245.2729412642294733	-117.7813178138137999	10962.6576264081286354	
  9.3500000000000032	-248.6843492095748047	-119.6069702957666010	11100.0363429177723447	
  9.3625000000000025	-252.1420234669689648	-121.4582547085480115	11239.1359170965188241	
  9.3750000000000018	-255.6466048346826767	-123.3355409343666622	11379.9779221346016129	
  9.3875000000000011	-259.1987433580418383	-125.2392036791623582	11522.5842021242096962	
  9.4000000000000004	-262.7990984500208924	-127.1696225241382479	11666.9768754507658741	
  9.4124999999999996	-266.4483390131243254	-129.1271819780907606	11813.1783382263784006	
  9.4249999999999989	-270.1471435625766162	-131.1122715305563702	11961.2112677659970359	
  9.4374999999999982	-273.8962003508405019	-133.1252857057941696	12111.0986261068028398	
  9.4499999999999975	-277.6962074934853604	-135.1666241176236554	12262.8636635713974101	
  9.4624999999999968	-281.5478730964259739	-137.2366915251373598	12416.5299223753117985	
  9.4749999999999961	-285.4519153845544110	-139.3358978893077165	12572.1212402794262744	
  9.4874999999999954	-289.4090628317870824	-141.4646584305082797	12729.6617542878448148	
  9.4999999999999947	-293.4200542925497643	-143.6233936869692229	12889.1759043918082170	
  9.5124999999999940	-297.4856391347240105	-145.8125295741872378	13050.6884373602224514	
  9.5249999999999932	-301.6065773740787108	-148.0324974453104687	13214.2244105773952469	
  9.5374999999999925	-305.7836398102114686	-150.2837341525184911	13379.8091959285702615	
  9.5499999999999918	-310.0176081640244092	-152.5666821094185650	13547.4684837338627403	
  9.5624999999999911	-314.3092752167598860	-154.8817893544787978	13717.2282867312205781	
  9.5749999999999904	-318.6594449506218325	-157.2295096155190208	13889.1149441090128676	
  9.5874999999999897	-323.0689326910098202	-159.6103023752808383	14063.1551255888807646	
  9.5999999999999890	-327.5385652503918550	-162.0246329380979375	14239.3758355594854947	
  9.6124999999999883	-332.0691810738442769	-164.4729724976883460	14417.8044172618010634	
  9.6249999999999876	-336.6616303862865038	-166.9557982060898098	14598.4685570265919523	
  9.6374999999999869	-341.3167753414387562	-169.4735932437605470	14781.3962885647488292	
  9.6499999999999861	-346.0354901725327750	-172.0268468908668922	14966.6159973111334693	
  9.6624999999999854	-350.8186613448044682	-174.6160545997799716	15154.1564248226368363	
  9.6749999999999847	-355.6671877097989523	-177.2417180688036353	15344.0466732311033411	
  9.6874999999999840	-360.5819806615190259	-179.9043453171558156	15536.3162097518397786	
  9.6999999999999833	-365.5639642944479419	-182.6044507612257348	15730.9948712483983400	
  9.7124999999999826	-370.6140755634785933	-185.3425552921296457	15928.1128688543540193	
  9.7249999999999819	-375.7332644457818560	-188.1191863545878391	16127.7007926527930977	
  9.7374999999999812	-380.9224941046465460	-190.9348780271454018	16329.7896164142457565	
  9.7499999999999805	-386.1827410553252093	-193.7901711037598034	16534.4107023937940539	
  9.7624999999999797	-391.5149953329192272	-196.6856131767789009	16741.5958061881174217	
  9.7749999999999790	-396.9202606623387055	-199.6217587213316165	16951.3770816532269237	
  9.7874999999999783	-402.3995546303719948	-202.5991691811551050	17163.7870858836467960	
  9.7999999999999776	-407.9539088599008778	-205.6184130558822005	17378.8587842538399855	
  9.8124999999999769	-413.5843691862979199	-208.6800659898117942	17596.6255555226598517	
  9.8249999999999762	-419.2919958360432133	-211.7847108621866141	17817.1211970016083797	
  9.8374999999999755	-425.0778636075978625	-214.9329378790016563	18040.3799297877339995	
  9.8499999999999748	-430.9430620545729198	-218.1253446663676527	18266.4364040619620937	
  9.8624999999999741	-436.8886956712320853	-221.3625363654530247	18495.3257044537131151	
  9.8749999999999734	-442.9158840803684143	-224.6451257290288197	18727.0833554726305010	
  9.8874999999999726	-449.0257622235941426	-227.9737332196407067	18961.7453270082587551	
  9.8999999999999719	-455.2194805540851803	-231.3489871094326418	19199.3480398985593638	
  9.9124999999999712	-461.4982052318209753	-234.7715235816461927	19439.9283715681012836	
  9.9249999999999705	-467.8631183213621512	-238.2419868338206186	19683.5236617368464067	
  9.9374999999999698	-474.3154179922076423	-241.7610291827180049	19930.1717182003849302	
  9.9499999999999691	-480.8563187217756081	-245.3293111709982668	20179.9108226825555903	
  9.9624999999999684	-487.4870515010505869	-248.9475016756692014	20432.7797367613420647	
  9.9749999999999677	-494.2088640429423094	-252.6162780183365442	20688.8177078689877817	
  9.9874999999999670	-501.0230209934007348	-256.3363260772789545	20948.0644753672713705	
  9.9999999999999662	-507.9308041453327291	-260.1083404013731979	21210.5602766988777148	
