  0.0000000000000000	 -1.0000000000000000	  0.0000000000000000	  2.0000000000000000	
  0.1000000000000000	 -1.0000000000000000	  0.4000000000000000	  2.1000000000000001	
  0.2000000000000000	 -0.9600000000000000	  0.7994829081924353	  2.1699999999999999	
  0.3000000000000000	 -0.8801034183615128	  1.1903426323764184	  2.2111034183615130	
  0.4000000000000000	 -0.7620348918862292	  1.5644774352911206	  2.2261348918862294	
  0.5000000000000000	 -0.6091394048280051	  1.9141119439042393	  2.2196494048280053	
  0.6000000000000000	 -0.4263170160471572	  2.2321186977998275	  2.1978780160471576	
  0.7000000000000000	 -0.2198932764871917	  2.5123263209702080	  2.1686103764871922	
  0.7999999999999999	  0.0025719877068499	  2.7498014155205990	  2.1410168222931505	
  0.8999999999999999	  0.2325322708109698	  2.9410918061299824	  2.1254154201890305	
  0.9999999999999999	  0.4607506320369663	  3.0844198099520934	  2.1329918280630342	
  1.0999999999999999	  0.6776345940273850	  3.1798157467087957	  2.1754821120826153	
  1.2000000000000000	  0.8735977433691442	  3.2291838961196757	  2.2648306333518562	
  1.3000000000000000	  1.0394345225930794	  3.2362954928442922	  2.4128366918000212	
  1.4000000000000001	  1.1666936211619379	  3.2067060430030621	  2.6308047146704729	
  1.5000000000000002	  1.2480348297625503	  3.1475971556694482	  2.9292133396531019	
  1.6000000000000003	  1.2775542608964399	  3.0675460996246970	  3.3174187254607777	
  1.7000000000000004	  1.2510634808213792	  2.9762293036416190	  3.8034068041715603	
  1.8000000000000005	  1.1663093415497028	  2.8840688968039170	  4.3936079719425303	
  1.9000000000000006	  1.0231231209104861	  2.8018340134019049	  5.0927859239309701	
  2.0000000000000004	  0.8234899235908668	  2.7402108494760258	  5.9040100257347348	
  2.1000000000000005	  0.5715320934860717	  2.7093572497973475	  6.8287178507720903	
  2.2000000000000006	  0.2734035434455410	  2.7184588342691840	  7.8668713952384373	
  2.3000000000000007	 -0.0629046897006225	  2.7753042695050607	  9.0172071222529979	
  2.4000000000000008	 -0.4278438357996107	  2.8858972052189502	 10.2775765116072240	
  2.5000000000000009	 -0.8106643947558210	  3.0541216018954724	 11.6453703381441951	
  2.6000000000000010	 -1.1998400743767268	  3.2814756791151254	 13.1180166121039381	
  2.7000000000000011	 -1.5835449385537022	  3.5668875442630217	 14.6935391300536349	
  2.8000000000000012	 -1.9501674297010982	  3.9066227786364704	 16.3711610403510228	
  2.9000000000000012	 -2.2888428739738047	  4.2942909485319758	 18.1519358456887225	
  3.0000000000000013	 -2.5899846842674101	  4.7209542835539198	 20.0393869531538193	
  3.1000000000000014	 -2.8457938275566268	  5.1753377549772734	 22.0401363233316765	
  3.2000000000000015	 -3.0507262765611727	  5.6441356419219373	 24.1645030219137276	
  3.3000000000000016	 -3.2018991481767860	  6.1124055520584886	 26.4270535680645970	
  3.4000000000000017	 -3.2994180377650890	  6.5640369316168341	 28.8470878996416822	
  3.5000000000000018	 -3.3466106514417229	  6.9822775206178047	 31.4490474995059763	
  3.6000000000000019	 -3.3501551473181626	  7.3502981398433374	 34.2628356801888430	
  3.7000000000000020	 -3.3200955193494956	  7.6517737782262323	 37.3240441055072409	
  3.8000000000000020	 -3.2697407637042502	  7.8714573047051584	 40.6740842084777725	
  3.9000000000000021	 -3.2154493027632194	  7.9957213525932689	 44.3602270920140924	
  4.0000000000000018	 -3.1763050322445663	  8.0130440815179718	 48.4355606004205299	
  4.1000000000000014	 -3.1736962159409727	  7.9144156414700477	 52.9588773409345350	
  4.2000000000000011	 -3.2308130876469638	  7.6936442374213927	 57.9945123251398797	
  4.3000000000000007	 -3.3720842401626858	  7.3475436746075564	 63.6121534014048962	
  4.4000000000000004	 -3.6225755052411750	  6.8759880688047312	 69.8866515826076125	
  4.5000000000000000	 -4.0073778914802292	  6.2818239110927960	 76.8978615765833098	
  4.5999999999999996	 -4.5510131092616701	  5.5706347278469686	 84.7305451628750603	
  4.6999999999999993	 -5.2768861636922768	  4.7503589908672641	 93.4743714226670050	
  4.7999999999999989	 -6.2068143655188237	  3.8307675042908502	103.2240481503910274	
  4.8999999999999986	 -7.3606608646606535	  2.8228120040083597	114.0796180280200787	
  4.9999999999999982	 -8.7560984638589812	  1.7378619247829037	126.1469513435543490	
  5.0999999999999979	-10.4085260789023994	  0.5868509952666032	139.5384642465673153	
  5.1999999999999975	-12.3311558798490779	 -0.6206407021765628	154.3740878642804830	
  5.2999999999999972	-14.5352840202843900	 -1.8773405152786793	170.7825092031589236	
  5.3999999999999968	-17.0307521233401253	 -3.1792421904134600	188.9026998245021218	
  5.4999999999999964	-19.8266005614228149	 -4.5265386160478709	208.8857430327010150	
  5.5999999999999961	-22.9319082846323887	 -5.9244974830574400	230.8969650030384173	
  5.6999999999999957	-26.3568077812438766	 -7.3842508969055167	255.1183701714905112	
  5.7999999999999954	-30.1136579606249768	 -8.9234731983379767	281.7513765898962674	
  5.8999999999999950	-34.2183526002925689	-10.5669257342505638	311.0198430924909871	
  5.9999999999999947	-38.6917377471426818	-12.3468529515049035	343.1733772885609142	
  6.0999999999999943	-43.5611083374436632	-14.3032207972078407	378.4909118330037359	
  6.1999999999999940	-48.8617524968852308	-16.4837957884145396	417.2845363420013314	
  6.2999999999999936	-54.6385116545681342	-18.9440710138512074	459.9035738841958505	
  6.3999999999999932	-60.9473258573383703	-21.7470534725673623	506.7388943099288667	
  6.4999999999999929	-67.8567365518518386	-24.9629352430484381	558.2274618497013989	
  6.5999999999999925	-75.4493236004615255	-28.6686787073288230	614.8571214280960930	
  6.6999999999999922	-83.8230593419272907	-32.9475531286698029	677.1716369523253434	
  6.7999999999999918	-93.0925699676612481	-37.8886660159982185	745.7760053390991288	
  6.8999999999999915	-103.3903031708608893	-43.5865376503632262	821.3420820794425481	
  6.9999999999999911	-114.8676107009335396	-50.1407706858346245	904.6145675003733686	
  7.0999999999999908	-127.6957648381004589	-57.6558687085488373	996.4174173174842508	
  7.1999999999999904	-142.0669385798102269	-66.2412579422469037	1097.6607563071324876	
  7.2999999999999901	-158.1951901682596144	-76.0115648929931353	1209.3483896683142120	
  7.3999999999999897	-176.3175031468582290	-87.0871996677887950	1332.5860225969183830	
  7.4999999999999893	-196.6949430804159817	-99.5952900930021201	1468.5903144754820460	
  7.5999999999999890	-219.6140010990164058	-113.6710057830167102	1618.6989096335889826	
  7.6999999999999886	-245.3882022556197455	-129.4593042201657909	1784.3816016436494465	
  7.7999999999999883	-274.3600630996529048	-147.1171230189572157	1967.2528024264856867	
  7.8999999999999879	-306.9034877034443412	-166.8160342287903859	2169.0855009629603956	
  7.9999999999999876	-343.4266945492024092	-188.7453681889975599	2391.8269091346701316	
  8.0999999999999872	-384.3757681870019383	-213.1158065247794298	2637.6160042310166318	
  8.1999999999999869	-430.2389294919578333	-240.1634368113575135	2908.8031891403738882	
  8.2999999999999865	-481.5516168542293372	-270.1542556813549822	3207.9723024674867702	
  8.3999999999999861	-538.9024679905003268	-303.3891031314089446	3537.9652221650835600	
  8.4999999999999858	-602.9402886167821407	-340.2090088858299737	3901.9093182088236063	
  8.5999999999999854	-674.3820903939481468	-381.0009322331758881	4303.2480229451939522	
  8.6999999999999851	-754.0222768405833449	-426.2038800355517196	4745.7748026469535034	
  8.7999999999999847	-842.7430528476936615	-476.3153938128913296	5233.6708312347009269	
  8.8999999999999844	-941.5261316102719320	-531.8984060324303300	5771.5466878359802649	
  8.9999999999999840	-1051.4658128167579889	-593.5884780033929928	6364.4884246650372006	
  9.0999999999999837	-1173.7835084174366784	-662.1014470127388449	7018.1083814505436749	
  9.1999999999999833	-1309.8437978199845020	-738.2415283741773919	7738.6011581564016524	
  9.2999999999999829	-1461.1721034948200213	-822.9099386509140004	8532.8051998648788867	
  9.3999999999999826	-1629.4740912250028941	-917.1141291314437467	9408.2704972320680099	
  9.4999999999999822	-1816.6569170512916571	-1021.9777433074139026	10373.3329636590642622	
  9.5999999999999819	-2024.8524657127745741	-1138.7514382025417490	11437.1961169813239394	
  9.6999999999999815	-2256.4427533532830239	-1268.8247364908322652	12610.0207697486875986	
  9.7999999999999812	-2514.0877006514492678	-1413.7391039821482082	13903.0235186863937997	
  9.8999999999999808	-2800.7555214478788912	-1575.2024748311810072	15328.5849212863176945	
  9.9999999999999805	-3119.7560164141150381	-1755.1054743807521845	16900.3683562363985402	
