  0.0000000000000000	 -1.0000000000000000	  0.0000000000000000	  2.0000000000000000	
  0.0125000000000000	 -0.9996875000000000	  0.0499997553499530	  2.0122656249999999	
  0.0250000000000000	 -0.9987501038235231	  0.0999838785917714	  2.0240645630520389	
  0.0375000000000000	 -0.9971883975546115	  0.1499367520640445	  2.0353993902156109	
  0.0500000000000000	 -0.9950033575357153	  0.1998427776355451	  2.0462730978387786	
  0.0625000000000000	 -0.9921963497574832	  0.2496863864555486	  2.0566890922627961	
  0.0750000000000000	 -0.9887691290049847	  0.2994520486858473	  2.0666511942871222	
  0.0875000000000000	 -0.9847238377608999	  0.3491242832083805	  2.0761636383954141	
  0.1000000000000000	 -0.9800630048663601	  0.3986876673024086	  2.0852310717432303	
  0.1125000000000000	 -0.9747895439402789	  0.4481268462851838	  2.0938585529083347	
  0.1250000000000000	 -0.9689067515581594	  0.4974265431100917	  2.1020515504046413	
  0.1375000000000000	 -0.9624183051915172	  0.5465715679162612	  2.1098159409609898	
  0.1500000000000000	 -0.9553282609092074	  0.5955468275236768	  2.1171580075660930	
  0.1625000000000000	 -0.9476410508420925	  0.6443373348678557	  2.1240844372811467	
  0.1750000000000000	 -0.9393614804126345	  0.6929282183681917	  2.1306023188217424	
  0.1875000000000000	 -0.9304947253311450	  0.7413047312241119	  2.1367191399108676	
  0.2000000000000000	 -0.9210463283605701	  0.7894522606332330	  2.1424427844049285	
  0.2125000000000000	 -0.9110221958518322	  0.8373563369257567	  2.1477815291948734	
  0.2250000000000001	 -0.9004285940518943	  0.8850026426093924	  2.1527440408846408	
  0.2375000000000001	 -0.8892721451868557	  0.9323770213191553	  2.1573393722492953	
  0.2500000000000001	 -0.8775598233225260	  0.9794654866664434	  2.1615769584753601	
  0.2625000000000001	 -0.8652989500050665	  1.0262542309818634	  2.1654666131859948	
  0.2750000000000001	 -0.8524971896844227	  1.0727296339463399	  2.1690185242537985	
  0.2875000000000001	 -0.8391625449234094	  1.1188782711051120	  2.1722432494041657	
  0.3000000000000001	 -0.8253033513954434	  1.1646869222592950	  2.1751517116122465	
  0.3125000000000001	 -0.8109282726740499	  1.2101425797297645	  2.1777551942967048	
  0.3250000000000001	 -0.7960462948174000	  1.2552324564881918	  2.1800653363135898	
  0.3375000000000001	 -0.7806667207512654	  1.2999439941501543	  2.1820941267537743	
  0.3500000000000001	 -0.7647991644539002	  1.3442648708253180	  2.1838538995475343	
  0.3625000000000002	 -0.7484535449464848	  1.3881830088197902	  2.1853573278799683	
  0.3750000000000002	 -0.7316400800928899	  1.4316865821858245	  2.1866174184210836	
  0.3875000000000002	 -0.7143692802126356	  1.4747640241141604	  2.1876475053744886	
  0.4000000000000002	 -0.6966519415110366	  1.5174040341643751	  2.1884612443487534	
  0.4125000000000002	 -0.6784991393306431	  1.5595955853287287	  2.1890726060556154	
  0.4250000000000002	 -0.6599222212281939	  1.6013279309250883	  2.1894958698393161	
  0.4375000000000002	 -0.6409327998814098	  1.6425906113146194	  2.1897456170414689	
  0.4500000000000002	 -0.6215427458300617	  1.6833734604400472	  2.1898367242059620	
  0.4625000000000002	 -0.6017641800558503	  1.7236666121804021	  2.1897843561285097	
  0.4750000000000003	 -0.5816094664057359	  1.7634605065182729	  2.1896039587555594	
  0.4875000000000003	 -0.5610912038634548	  1.8027458955157170	  2.1893112519373661	
  0.5000000000000002	 -0.5402222186740533	  1.8415138490950891	  2.1889222220401443	
  0.5125000000000002	 -0.5190155563263614	  1.8797557606211759	  2.1884531144222916	
  0.5250000000000001	 -0.4974844733984194	  1.9174633522811475	  2.1879204257797751	
  0.5375000000000001	 -0.4756424292709533	  1.9546286802589619	  2.1873408963658556	
  0.5500000000000000	 -0.4535030777140805	  1.9912441397009886	  2.1867315020904110	
  0.5625000000000000	 -0.4310802583525032	  2.0273024694697468	  2.1861094465041924	
  0.5750000000000000	 -0.4083879880145257	  2.0627967566827876	  2.1854921526734352	
  0.5874999999999999	 -0.3854404519703039	  2.0977204410338803	  2.1848972549503136	
  0.5999999999999999	 -0.3622519950648018	  2.1320673188938053	  2.1843425906447944	
  0.6124999999999998	 -0.3388371127510005	  2.1658315471881884	  2.1838461916035228	
  0.6249999999999998	 -0.3152104420289627	  2.1990076470499509	  2.1834262757014269	
  0.6374999999999997	 -0.2913867522964173	  2.2315905072440949	  2.1831012382517931	
  0.6499999999999997	 -0.2673809361165845	  2.2635753873626809	  2.1828896433406180	
  0.6624999999999996	 -0.2432079999090107	  2.2949579207880029	  2.1828102150910964	
  0.6749999999999996	 -0.2188830545692334	  2.3257341174221051	  2.1828818288641560	
  0.6874999999999996	 -0.1944213060231396	  2.3559003661809390	  2.1831235024009907	
  0.6999999999999995	 -0.1698380457219220	  2.3854534372515959	  2.1835543869135883	
  0.7124999999999995	 -0.1451486410835751	  2.4143904841112076	  2.1841937581292927	
  0.7249999999999994	 -0.1203685258869047	  2.4427090453062532	  2.1850610072954630	
  0.7374999999999994	 -0.0955131906240584	  2.4704070459911578	  2.1861756321503338	
  0.7499999999999993	 -0.0705981728176040	  2.4974827992252235	  2.1875572278662023	
  0.7624999999999993	 -0.0456390473082123	  2.5239350070270792	  2.1892254779710938	
  0.7749999999999992	 -0.0206514165190124	  2.5497627611859919	  2.1912001452550753	
  0.7874999999999992	  0.0043490992972922	  2.5749655438295345	  2.1935010626674041	
  0.7999999999999992	  0.0293468718224525	  2.5995432277472492	  2.1961481242107057	
  0.8124999999999991	  0.0543262744417425	  2.6234960764701092	  2.1991612758383954	
  0.8249999999999991	  0.0792716920119615	  2.6468247441057282	  2.2025605063615439	
  0.8374999999999990	  0.1041675306222641	  2.6695302749294187	  2.2063658383714078	
  0.8499999999999990	  0.1289982273417171	  2.6916141027313563	  2.2105973191838282	
  0.8624999999999989	  0.1537482599474880	  2.7130780499202576	  2.2152750118116988	
  0.8749999999999989	  0.1784021566275865	  2.7339243263841322	  2.2204189859716963	
  0.8874999999999988	  0.2029445056520925	  2.7541555281088206	  2.2260493091314468	
  0.8999999999999988	  0.2273599650068248	  2.7737746355551813	  2.2321860376032889	
  0.9124999999999988	  0.2516332719834294	  2.7927850117959423	  2.2388492076907647	
  0.9249999999999987	  0.2757492527198917	  2.8111904004133796	  2.2460588268939543	
  0.9374999999999987	  0.2996928316855100	  2.8289949231591405	  2.2538348651797291	
  0.9499999999999986	  0.3234490411043997	  2.8462030773776701	  2.2621972463229723	
  0.9624999999999986	  0.3470030303116388	  2.8628197331948551	  2.2711658393247807	
  0.9749999999999985	  0.3703400750362055	  2.8788501304736411	  2.2807604499136094	
  0.9874999999999985	  0.3934455866049051	  2.8942998755385241	  2.2910008121352941	
  0.9999999999999984	  0.4163051210615337	  2.9091749376709677	  2.3019065800378198	
  1.0124999999999984	  0.4389043881955763	  2.9234816453779340	  2.3134973194566677	
  1.0249999999999984	  0.4612292604747980	  2.9372266824358610	  2.3257924999065094	
  1.0374999999999983	  0.4832657818761423	  2.9504170837125607	  2.3388114865849610	
  1.0499999999999983	  0.5050001766094179	  2.9630602307696470	  2.3525735324940475	
  1.0624999999999982	  0.5264188577283188	  2.9751638472482442	  2.3670977706849636	
  1.0749999999999982	  0.5475084356233976	  2.9867359940408629	  2.3824032066316456	
  1.0874999999999981	  0.5682557263916809	  2.9977850642524531	  2.3985087107386014	
  1.0999999999999981	  0.5886477600776954	  3.0083197779537945	  2.4154330109883664	
  1.1124999999999980	  0.6086717887807535	  3.0183491767304966	  2.4331946857338735	
  1.1249999999999980	  0.6283152946234307	  3.0278826180310179	  2.4518121566409508	
  1.1374999999999980	  0.6475659975762531	  3.0369297693172381	  2.4713036817860634	
  1.1499999999999979	  0.6664118631337034	  3.0455006020212392	  2.4916873489143421	
  1.1624999999999979	  0.6848411098367486	  3.0536053853120713	  2.5129810688628385	
  1.1749999999999978	  0.7028422166371858	  3.0612546796764035	  2.5352025691538569	
  1.1874999999999978	  0.7204039300992020	  3.0684593303170677	  2.5583693877631184	
  1.1999999999999977	  0.7375152714336484	  3.0752304603736254	  2.5824988670674092	
  1.2124999999999977	  0.7541655433606294	  3.0815794639691942	  2.6076081479762618	
  1.2249999999999976	  0.7703443367961182	  3.0875179990878792	  2.6337141642521198	
  1.2374999999999976	  0.7860415373584193	  3.0930579802872633	  2.6608336370233161	
  1.2499999999999976	  0.8012473316904081	  3.0982115712505109	  2.6889830694940975	
  1.2624999999999975	  0.8159522135935994	  3.1029911771827403	  2.7181787418558052	
  1.2749999999999975	  0.8301469899702070	  3.1074094370564196	  2.7484367064032096	
  1.2874999999999974	  0.8438227865694818	  3.1114792157106290	  2.7797727828598817	
  1.2999999999999974	  0.8569710535347357	  3.1152135958091351	  2.8122025539163564	
  1.3124999999999973	  0.8695835707475833	  3.1186258696622966	  2.8457413609847295	
  1.3249999999999973	  0.8816524529660621	  3.1217295309179200	  2.8804043001731960	
  1.3374999999999972	  0.8931701547534177	  3.1245382661262542	  2.9162062184839201	
  1.3499999999999972	  0.9041294751944735	  3.1270659461844001	  2.9531617102374903	
  1.3624999999999972	  0.9145235623966377	  3.1293266176654817	  2.9912851137270877	
  1.3749999999999971	  0.9243459177727318	  3.1313344940379988	  3.0305905081053623	
  1.3874999999999971	  0.9335904001029650	  3.1331039467808499	  3.0710917105068769	
  1.3999999999999970	  0.9422512293735152	  3.1346494963995810	  3.1128022734088412	
  1.4124999999999970	  0.9503229903893160	  3.1359858033494721	  3.1557354822327248	
  1.4249999999999969	  0.9578006361587917	  3.1371276588711403	  3.1999043531891984	
  1.4374999999999969	  0.9646794910484258	  3.1380899757443839	  3.2453216313687072	
  1.4499999999999968	  0.9709552537051881	  3.1388877789660499	  3.2919997890798478	
  1.4624999999999968	  0.9766239997449967	  3.1395361963577497	  3.3399510244375699	
  1.4749999999999968	  0.9816821842055317	  3.1400504491092964	  3.3891872602030815	
  1.4874999999999967	  0.9861266437618685	  3.1404458422637744	  3.4397201428771966	
  1.4999999999999967	  0.9899545987035464	  3.1407377551501865	  3.4915610420487133	
  1.5124999999999966	  0.9931636546718337	  3.1409416317696630	  3.5447210499992630	
  1.5249999999999966	  0.9957518041561063	  3.1410729711412397	  3.5992109815659314	
  1.5374999999999965	  0.9977174277484036	  3.1411473176132398	  3.6550413742627943	
  1.5499999999999965	  0.9990592951553752	  3.1411802511463165	  3.7122224886623698	
  1.5624999999999964	  0.9997765659669889	  3.1411873775742309	  3.7707643090378387	
  1.5749999999999964	  0.9998687901815173	  3.1411843188484512	  3.8306765442667303	
  1.5874999999999964	  0.9993359084864748	  3.1411867032726728	  3.8919686289966298	
  1.5999999999999963	  0.9981782522953311	  3.1412101557333645	  3.9546497250733030	
  1.6124999999999963	  0.9963965435399752	  3.1412702879324441	  4.0187287232314990	
  1.6249999999999962	  0.9939918942190625	  3.1413826886281937	  4.0842142450485213	
  1.6374999999999962	  0.9909658057025252	  3.1415629138905090	  4.1511146451605336	
  1.6499999999999961	  0.9873201677926813	  3.1418264773765823	  4.2194380137413896	
  1.6624999999999961	  0.9830572575425287	  3.1421888406330876	  4.2891921792436500	
  1.6749999999999960	  0.9781797378319642	  3.1426654034309394	  4.3603847114012906	
  1.6874999999999960	  0.9726906557028154	  3.1432714941386601	  4.4330229244934518	
  1.6999999999999960	  0.9665934404537273	  3.1440223601403781	  4.5071138808684461	
  1.7124999999999959	  0.9598919014960944	  3.1449331583044411	  4.5826643947270842	
  1.7249999999999959	  0.9525902259723776	  3.1460189455086103	  4.6596810361642333	
  1.7374999999999958	  0.9446929761382961	  3.1472946692277488	  4.7381701354673771	
  1.7499999999999958	  0.9362050865105280	  3.1487751581898951	  4.8181377876708105	
  1.7624999999999957	  0.9271318607817061	  3.1504751131065603	  4.8995898573639449	
  1.7749999999999957	  0.9174789685046330	  3.1524090974830408	  4.9825319837520690	
  1.7874999999999956	  0.9072524415477917	  3.1545915285144956	  5.0669695859677644	
  1.7999999999999956	  0.8964586703243655	  3.1570366680734749	  5.1529078686310346	
  1.8124999999999956	  0.8851043997971235	  3.1597586137945357	  5.2403518276560748	
  1.8249999999999955	  0.8731967252616710	  3.1627712902615173	  5.3293062563024618	
  1.8374999999999955	  0.8607430879106992	  3.1660884403029841	  5.4197757514684204	
  1.8499999999999954	  0.8477512701820066	  3.1697236164012783	  5.5117647202236784	
  1.8624999999999954	  0.8342293908932013	  3.1736901722205531	  5.6052773865793055	
  1.8749999999999953	  0.8201859001661235	  3.1780012542590788	  5.7003177984917794	
  1.8874999999999953	  0.8056295741441625	  3.1826697936310451	  5.7968898350984217	
  1.8999999999999952	  0.7905695095057691	  3.1877084979829902	  5.8949972141811946	
  1.9124999999999952	  0.7750151177775935	  3.1931298435499182	  5.9946434998557452	
  1.9249999999999952	  0.7589761194508027	  3.1989460673560606	  6.0958321104824549	
  1.9374999999999951	  0.7424625379042564	  3.2051691595651648	  6.1985663267961302	
  1.9499999999999951	  0.7254846931383381	  3.2118108559850893	  6.3028493002508581	
  1.9624999999999950	  0.7080531953233598	  3.2188826307313878	  6.4086840615764347	
  1.9749999999999950	  0.6901789381665724	  3.2263956890544718	  6.5160735295426644	
  1.9874999999999949	  0.6718730921019275	  3.2343609603348358	  6.6250205199277143	
  1.9999999999999949	  0.6531470973068483	  3.2427890912507187	  6.7355277546866041	
  2.0124999999999948	  0.6340126565503742	  3.2516904391224779	  6.8475978713158083	
  2.0249999999999950	  0.6144817278771494	  3.2610750654378342	  6.9612334324098502	
  2.0374999999999952	  0.5945665171318292	  3.2709527295620324	  7.0764369354056553	
  2.0499999999999954	  0.5742794703285761	  3.2813328826368546	  7.1932108225103564	
  2.0624999999999956	  0.5536332658704156	  3.2922246616722957	  7.3115574908081316	
  2.0749999999999957	  0.5326408066233158	  3.3036368838345935	  7.4314793025415788	
  2.0874999999999959	  0.5113152118499439	  3.3155780409341897	  7.5529785955630402	
  2.0999999999999961	  0.4896698090081426	  3.3280562941170606	  7.6760576939512077	
  2.1124999999999963	  0.4677181254192530	  3.3410794687627385	  7.8007189187882577	
  2.1249999999999964	  0.4454738798114909	  3.3546550495922149	  7.9269645990926927	
  2.1374999999999966	  0.4229509737436643	  3.3687901759887824	  8.0547970829029865	
  2.1499999999999968	  0.4001634829145908	  3.3834916375347350	  8.1842187485070692	
  2.1624999999999970	  0.3771256483636491	  3.3987658697667280	  8.3152320158126116	
  2.1749999999999972	  0.3538518675679642	  3.4146189501524371	  8.4478393578530131	
  2.1874999999999973	  0.3303566854417905	  3.4310565942910438	  8.5820433124239344	
  2.1999999999999975	  0.3066547852437204	  3.4480841523399142	  8.7178464938451601	
  2.2124999999999977	  0.2827609793974007	  3.4657066056697081	  8.8552516048425201	
  2.2249999999999979	  0.2586902002314959	  3.4839285637500081	  8.9942614485445684	
  2.2374999999999980	  0.2344574906446846	  3.5027542612674161	  9.1348789405886404	
  2.2499999999999982	  0.2100779947015273	  3.5221875554779181	  9.2771071213309035	
  2.2624999999999984	  0.1855669481650802	  3.5422319237951729	  9.4209491681549462	
  2.2749999999999986	  0.1609396689721757	  3.5628904616162322	  9.5664084078734390	
  2.2874999999999988	  0.1362115476573225	  3.5841658803860481	  9.7134883292173662	
  2.2999999999999989	  0.1113980377312096	  3.6060605059019837	  9.8621925954072935	
  2.3124999999999991	  0.0865146460198313	  3.6285762768593814	 10.0125250568011168	
  2.3249999999999993	  0.0615769229702692	  3.6517147436391002	 10.1644897636127229	
  2.3374999999999995	  0.0366004529291923	  3.6754770673377792	 10.3180909786959774	
  2.3499999999999996	  0.0116008444001516	  3.6998640190414340	 10.4733331903884288	
  2.3624999999999998	 -0.0134062797142405	  3.7248759793428396	 10.6302211254091468	
  2.3750000000000000	 -0.0384052918791481	  3.7505129381030011	 10.7887597618050606	
  2.3875000000000002	 -0.0633805696972593	  3.7767744944568613	 10.9489543419402082	
  2.4000000000000004	 -0.0883165056753398	  3.8036598570632427	 11.1108103855222815	
  2.4125000000000005	 -0.1131975169814844	  3.8311678445988662	 11.2743337026608756	
  2.4250000000000007	 -0.1380080551869701	  3.8592968864961370	 11.4395304069518602	
  2.4375000000000009	 -0.1627326159866199	  3.8880450239242390	 11.6064069285823024	
  2.4500000000000011	 -0.1873557488916018	  3.9174099110129217	 11.7749700274504026	
  2.4625000000000012	 -0.2118620668886041	  3.9473888163182158	 11.9452268062949027	
  2.4750000000000014	 -0.2362362560593493	  3.9779786245291615	 12.1171847238284922	
  2.4875000000000016	 -0.2604630851544347	  4.0091758384144809	 12.2908516078697367	
  2.5000000000000018	 -0.2845274151155129	  4.0409765810079792	 12.4662356684680926	
  2.5125000000000020	 -0.3084142085398636	  4.0733765980313086	 12.6433455110166442	
  2.5250000000000021	 -0.3321085390814366	  4.1063712605525771	 12.8221901493471826	
  2.5375000000000023	 -0.3555956007824939	  4.1399555678791460	 13.0027790188023644	
  2.5500000000000025	 -0.3788607173300145	  4.1741241506828022	 13.1851219892796667	
  2.5625000000000027	 -0.4018893512310779	  4.2088712743553547	 13.3692293782419718	
  2.5750000000000028	 -0.4246671129014905	  4.2441908425925554	 13.5551119636896313	
  2.5875000000000030	 -0.4471797696619734	  4.2800764012041093	 13.7427809970889339	
  2.6000000000000032	 -0.4694132546362899	  4.3165211421473808	 13.9322482162519794	
  2.6125000000000034	 -0.4913536755457483	  4.3535179077822894	 14.1235258581630099	
  2.6250000000000036	 -0.5129873233945853	  4.3910591953447238	 14.3166266717463291	
  2.6375000000000037	 -0.5343006810407996	  4.4291371616356807	 14.5115639305710307	
  2.6500000000000039	 -0.5552804316470787	  4.4677436279231992	 14.7083514454878070	
  2.6625000000000041	 -0.5759134670065366	  4.5068700850540271	 14.9070035771932297	
  2.6750000000000043	 -0.5961868957380582	  4.5465076987718174	 15.1075352487169425	
  2.6875000000000044	 -0.6160880513461280	  4.5866473152385394	 15.3099619578273245	
  2.7000000000000046	 -0.6356045001401046	  4.6272794667556427	 15.5142997893512593	
  2.7125000000000048	 -0.6547240490079922	  4.6683943776814099	 15.7205654274037556	
  2.7250000000000050	 -0.6734347530398478	  4.7099819705407864	 15.9287761675232460	
  2.7375000000000052	 -0.6917249229960621	  4.7520318723238768	 16.1389499287085094	
  2.7500000000000053	 -0.7095831326158433	  4.7945334209691657	 16.3511052653532687	
  2.7625000000000055	 -0.7269982257613361	  4.8374756720274155	 16.5652613790745988	
  2.7750000000000057	 -0.7439593233929128	  4.8808474055020659	 16.7814381304314431	
  2.7875000000000059	 -0.7604558303712726	  4.9246371328618697	 16.9996560505295840	
  2.8000000000000060	 -0.7764774420821009	  4.9688331042213747	 17.2199363525095919	
  2.8125000000000062	 -0.7920141508791458	  5.0134233156847667	 17.4423009429143576	
  2.8250000000000064	 -0.8070562523416859	  5.0583955168484760	 17.6667724329329658	
  2.8375000000000066	 -0.8215943513424766	  5.1037372184578667	 17.8933741495177578	
  2.8500000000000068	 -0.8356193679223843	  5.1494357002132167	 18.1221301463715889	
  2.8625000000000069	 -0.8491225429680346	  5.1954780187201095	 18.3530652148024203	
  2.8750000000000071	 -0.8620954436889265	  5.2418510155792681	 18.5862048944424778	
  2.8875000000000073	 -0.8745299688905905	  5.2885413256107761	 18.8215754838294025	
  2.9000000000000075	 -0.8864183540404920	  5.3355353852075389	 19.0592040508468941	
  2.9125000000000076	 -0.8977531761235157	  5.3828194408127699	 19.2991184430225609	
  2.9250000000000078	 -0.9085273582839967	  5.4303795575161997	 19.5413472976807547	
  2.9375000000000080	 -0.9187341742513944	  5.4782016277636334	 19.7859200519483771	
  2.9500000000000082	 -0.9283672525468454	  5.5262713801744114	 20.0328669526117338	
  2.9625000000000083	 -0.9374205804679657	  5.5745743884612633	 20.2822190658227335	
  2.9750000000000085	 -0.9458885078494110	  5.6230960804469792	 20.5340082866527815	
  2.9875000000000087	 -0.9537657505968454	  5.6718217471722596	 20.7882673484929761	
  3.0000000000000089	 -0.9610473939921098	  5.7207365520890550	 21.0450298322992779	
  3.0125000000000091	 -0.9677288957675240	  5.7698255403336374	 21.3043301756815247	
  3.0250000000000092	 -0.9738060889474014	  5.8190736480736236	 21.5662036818353187	
  3.0375000000000094	 -0.9792751844550008	  5.8684657119230925	 21.8306865283159617	
  3.0500000000000096	 -0.9841327734832853	  5.9179864784199188	 22.0978157756537463	
  3.0625000000000098	 -0.9883758296280072	  5.9676206135593928	 22.3676293758101430	
  3.0750000000000099	 -0.9920017107817862	  6.0173527123781758	 22.6401661804744947	
  3.0875000000000101	 -0.9950081607879974	  6.0671673085825875	 22.9154659492010602	
  3.1000000000000103	 -0.9973933108534344	  6.1170488842152206	 23.1935693573863801	
  3.1125000000000105	 -0.9991556807188673	  6.1669818793538260	 23.4745180040871091	
  3.1250000000000107	 -1.0002941795867613	  6.2169507018364136	 23.7583544196786178	
  3.1375000000000108	 -1.0008081068055799	  6.2669397370064903	 24.0451220733548432	
  3.1500000000000110	 -1.0006971523102417	  6.3169333574723385	 24.3348653804700064	
  3.1625000000000112	 -0.9999613968184592	  6.3669159328742362	 24.6276297097230454	
  3.1750000000000114	 -0.9986013117828354	  6.4168718396535134	 24.9234613901856754	
  3.1875000000000115	 -0.9966177590987492	  6.4667854708173378	 25.2224077181752513	
  3.2000000000000117	 -0.9940119905682128	  6.5166412456931262	 25.5245169639737242	
  3.2125000000000119	 -0.9907856471200364	  6.5664236196664829	 25.8298383783941645	
  3.2250000000000121	 -0.9869407577867888	  6.6161170938965741	 26.1384221991964729	
  3.2375000000000123	 -0.9824797384391931	  6.6657062250028751	 26.4503196573541075	
  3.2500000000000124	 -0.9774053902787497	  6.7151756347172249	 26.7655829831737648	
  3.2625000000000126	 -0.9717208980895292	  6.7645100194951553	 27.0842654122701774	
  3.2750000000000128	 -0.9654298282502288	  6.8136941600804946	 27.4064211913983051	
  3.2875000000000130	 -0.9585361265077350	  6.8627129310172563	 27.7321055841454083	
  3.3000000000000131	 -0.9510441155135848	  6.9115513101028734	 28.0613748764856084	
  3.3125000000000133	 -0.9429584921248666	  6.9601943877768653	 28.3942863821997413	
  3.3250000000000135	 -0.9342843244712481	  7.0086273764390716	 28.7308984481634724	
  3.3375000000000137	 -0.9250270487899650	  7.0568356196916229	 29.0712704595067564	
  3.3500000000000139	 -0.9151924660307499	  7.1048046014988744	 29.4154628446479620	
  3.3625000000000140	 -0.9047867382328239	  7.1525199552595780	 29.7635370802060812	
  3.3750000000000142	 -0.8938163846762167	  7.1999674727856151	 30.1155556957946082	
  3.3875000000000144	 -0.8822882778098216	  7.2471331131816834	 30.4715822787008754	
  3.4000000000000146	 -0.8702096389587297	  7.2940030116203847	 30.8316814784547404	
  3.4125000000000147	 -0.8575880338135309	  7.3405634880072252	 31.1959190112907017	
  3.4250000000000149	 -0.8444313677043975	  7.3868010555301167	 31.5643616645076470	
  3.4375000000000151	 -0.8307478806629096	  7.4327024290880281	 31.9370773007306390	
  3.4500000000000153	 -0.8165461422747057	  7.4782545335935255	 32.3141348620792215	
  3.4625000000000155	 -0.8018350463261800	  7.5234445121440006	 32.6956043742469902	
  3.4750000000000156	 -0.7866238052485717	  7.5682597340564914	 33.0815569504971378	
  3.4875000000000158	 -0.7709219443629204	  7.6126878027610596	 33.4720647955790653	
  3.5000000000000160	 -0.7547392959294861	  7.6567165635478016	 33.8672012095710855	
  3.5125000000000162	 -0.7380859930053532	  7.7003341111626407	 34.2670405916544780	
  3.5250000000000163	 -0.7209724631140600	  7.7435287972471585	 34.6716584438243203	
  3.5375000000000165	 -0.7034094217312116	  7.7862892376178090	 35.0811313745425934	
  3.5500000000000167	 -0.6854078655901465	  7.8286043193799726	 35.4955371023392345	
  3.5625000000000169	 -0.6669790658118470	  7.8704632078723931	 35.9149544593669177	
  3.5750000000000171	 -0.6481345608633834	  7.9118553534376623	 36.3394633949155121	
  3.5875000000000172	 -0.6288861493492985	  7.9527704980145195	 36.7691449788922426	
  3.6000000000000174	 -0.6092458826404373	  7.9931986815478409	 37.2040814052737261	
  3.6125000000000176	 -0.5892260573448304	  8.0331302482123164	 37.6443559955362446	
  3.6250000000000178	 -0.5688392076253390	  8.0725558524459196	 38.0900532020705640	
  3.6375000000000179	 -0.5480980973688647	  8.1114664647893946	 38.5412586115879705	
  3.6500000000000181	 -0.5270157122120188	  8.1498533775281246	 38.9980589485240401	
  3.6625000000000183	 -0.5056052514282380	  8.1877082101328362	 39.4605420784469985	
  3.6750000000000185	 -0.4838801196814176	  8.2250229144957459	 39.9287970114775206	
  3.6875000000000187	 -0.4618539186512190	  8.2617897799588853	 40.4029139057269475	
  3.7000000000000188	 -0.4395404385352860	  8.2980014381314362	 40.8829840707609549	
  3.7125000000000190	 -0.4169536494336842	  8.3336508674930947	 41.3690999710959417	
  3.7250000000000192	 -0.3941076926209485	  8.3687313977805591	 41.8613552297353664	
  3.7375000000000194	 -0.3710168717111972	  8.4032367141544189	 42.3598446317533828	
  3.7500000000000195	 -0.3476956437218344	  8.4371608611438216	 42.8646641279333025	
  3.7625000000000197	 -0.3241586100414287	  8.4704982463664713	 43.3759108384683714	
  3.7750000000000199	 -0.3004205073074158	  8.5032436440216177	 43.8936830567325416	
  3.7875000000000201	 -0.2764961981993271	  8.5353921981538541	 44.4180802531289416	
  3.8000000000000203	 -0.2524006621533001	  8.5669394256856908	 44.9492030790238246	
  3.8125000000000204	 -0.2281489860036783	  8.5978812192169976	 45.4871533707739033	
  3.8250000000000206	 -0.2037563545575485	  8.6282138495895744	 46.0320341538549584	
  3.8375000000000208	 -0.1792380411081105	  8.6579339682152394	 46.5839496470998071	
  3.8500000000000210	 -0.1546093978928096	  8.6870386091659828	 47.1430052670536242	
  3.8625000000000211	 -0.1298858465021976	  8.7155251910248772	 47.7093076324548022	
  3.8750000000000213	 -0.1050828682455186	  8.7433915184965851	 48.2829645688495575	
  3.8875000000000215	 -0.0802159944790433	  8.7706357837764592	 48.8640851133484944	
  3.9000000000000217	 -0.0553007969031991	  8.7972565676773851	 49.4527795195334292	
  3.9125000000000218	 -0.0303528778345616	  8.8232528405136428	 50.0491592625228776	
  3.9250000000000220	 -0.0053878604587898	  8.8486239627412520	 50.6533370442045126	
  3.9375000000000222	  0.0195786209294003	  8.8733696853543940	 51.2654267986431265	
  3.9500000000000224	  0.0445309306931226	  8.8974901500376617	 51.8855436976724675	
  3.9625000000000226	  0.0694534416209610	  8.9209858890740410	 52.5138041566795408	
  3.9750000000000227	  0.0943305446892560	  8.9438578250086760	 53.1503258405898720	
  3.9875000000000229	  0.1191466588129348	  8.9661072700686422	 53.7952276700622818	
  4.0000000000000231	  0.1438862405787873	  8.9877359253390718	 54.4486298279018115	
  4.0125000000000233	  0.1685337939551032	  9.0087458796961606	 55.1106537656993538	
  4.0250000000000234	  0.1930738799715996	  9.0291396084977045	 55.7814222107066371	
  4.0375000000000236	  0.2174911263635863	  9.0489199720320119	 56.4610591729552098	
  4.0500000000000238	  0.2417702371743396	  9.0680902137261246	 57.1496899526280728	
  4.0625000000000240	  0.2658960023096800	  9.0866539581144998	 57.8474411476925923	
  4.0750000000000242	  0.2898533070387809	  9.1046152085694025	 58.5544406618033619	
  4.0875000000000243	  0.3136271414352673	  9.1219783447944298	 59.2708177124837192	
  4.1000000000000245	  0.3372026097527012	  9.1387481200827381	 59.9967028395944837	
  4.1125000000000247	  0.3605649397285932	  9.1549296583416790	 60.7322279140986652	
  4.1250000000000249	  0.3836994918111207	  9.1705284508857172	 61.4775261471306820	
  4.1375000000000250	  0.4065917683027859	  9.1855503529996074	 62.2327320993788291	
  4.1500000000000252	  0.4292274224152944	  9.2000015802740105	 62.9979816907895014	
  4.1625000000000254	  0.4515922672299949	  9.2138887047158136	 63.7734122106018333	
  4.1750000000000256	  0.4736722845582746	  9.2272186506355975	 64.5591623277212818	
  4.1875000000000258	  0.4954536336963734	  9.2399986903148150	 65.3553721014407643	
  4.2000000000000259	  0.5169226600691392	  9.2522364394553929	 66.1621829925177707	
  4.2125000000000261	  0.5380659037573230	  9.2639398524145964	 66.9797378746160348	
  4.2250000000000263	  0.5588701079030789	  9.2751172172281375	 67.8081810461201258	
  4.2375000000000265	  0.5793222269884150	  9.2857771504246358	 68.6476582423314881	
  4.2500000000000266	  0.5994094349814175	  9.2959285916346719	 69.4983166480541570	
  4.2625000000000268	  0.6191191333451553	  9.3055807979977985	 70.3603049105786056	
  4.2750000000000270	  0.6384389589042559	  9.3147433383710183	 71.2337731530719793	
  4.2875000000000272	  0.6573567915642342	  9.3234260873423302	 72.1188729883829467	
  4.3000000000000274	  0.6758607618787469	  9.3316392190530966	 73.0157575332693369	
  4.3125000000000275	  0.6939392584600406	  9.3393932008330864	 73.9245814230567078	
  4.3250000000000277	  0.7115809352279592	  9.3466987866521762	 74.8455008267359858	
  4.3375000000000279	  0.7287747184929777	  9.3535670103928013	 75.7786734625081664	
  4.3500000000000281	  0.7455098138688334	  9.3600091789473563	 76.7242586137839595	
  4.3625000000000282	  0.7617757130104303	  9.3660368651448636	 77.6824171456464398	
  4.3750000000000284	  0.7775622001728044	  9.3716619005113238	 78.6533115217843601	
  4.3875000000000286	  0.7928593585870467	  9.3768963678682891	 79.6371058219041146	
  4.4000000000000288	  0.8076575766491978	  9.3817525937742605	 80.6339657596278272	
  4.4125000000000290	  0.8219475539182417	  9.3862431408136544	 81.6440587008853953	
  4.4250000000000291	  0.8357203069194491	  9.3903807997381463	 82.6675536828078918	
  4.4375000000000293	  0.8489671747494395	  9.3941785814652992	 83.7046214331299439	
  4.4500000000000295	  0.8616798244794568	  9.3976497089394968	 84.7554343901084053	
  4.4625000000000297	  0.8738502563534780	  9.4008076088602426	 85.8201667229647427	
  4.4750000000000298	  0.8854708087779051	  9.4036659032830094	 86.8989943528582955	
  4.4875000000000300	  0.8965341630997168	  9.4062384010978928	 87.9920949743976877	
  4.5000000000000302	  0.9070333481700934	  9.4085390893913736	 89.0996480776973954	
  4.5125000000000304	  0.9169617446906579	  9.4105821246966102	 90.2218349709865635	
  4.5250000000000306	  0.9263130893396155	  9.4123818241377197	 91.3588388037769903	
  4.5375000000000307	  0.9350814786752096	  9.4139526564735778	 92.5108445905970029	
  4.5500000000000309	  0.9432613728140519	  9.4153092330467381	 93.6780392352982290	
  4.5625000000000311	  0.9508475988820246	  9.4164662986431367	 94.8606115559416736	
  4.5750000000000313	  0.9578353542355968	  9.4174387222682761	 96.0587523102698668	
  4.5875000000000314	  0.9642202094515362	  9.4182414878456697	 97.2726542217715320	
  4.6000000000000316	  0.9699981110831477	  9.4188896848433483	 98.5025120063451425	
  4.6125000000000318	  0.9751653841813119	  9.4193984988342958	 99.7485223995677615	
  4.6250000000000320	  0.9797187345787450	  9.4197832019967045	101.0108841845753034	
  4.6375000000000322	  0.9836552509360507	  9.4200591435599925	102.2897982205604848	
  4.6500000000000323	  0.9869724065482818	  9.4202417402025560	103.5854674718944182	
  4.6625000000000325	  0.9896680609108798	  9.4203464664072509	104.8980970378778608	
  4.6750000000000327	  0.9917404610440109	  9.4203888447806357	106.2278941831279298	
  4.6875000000000329	  0.9931882425744684	  9.4203844363420188	107.5750683686061961	
  4.7000000000000330	  0.9940104305744607	  9.4203488307883969	108.9398312832937137	
  4.7125000000000332	  0.9942064401567615	  9.4202976367413402	110.3223968765186669	
  4.7250000000000334	  0.9937760768258427	  9.4202464719819492	111.7229813909421381	
  4.7375000000000336	  0.9927195365847715	  9.4202109536799643	113.1418033962074787	
  4.7500000000000338	  0.9910374057978002	  9.4202066886231393	114.5790838232584719	
  4.7625000000000339	  0.9887306608087316	  9.4202492634529982	116.0350459993317571	
  4.7750000000000341	  0.9858006673152967	  9.4203542349130505	117.5099156836285204	
  4.7875000000000343	  0.9822491794999316	  9.4205371201155934	119.0039211036706064	
  4.8000000000000345	  0.9780783389174950	  9.4208133868331476	120.5172929923460430	
  4.8125000000000346	  0.9732906731406172	  9.4211984438206251	122.0502646256489641	
  4.8250000000000348	  0.9678890941635261	  9.4217076311742538	123.6030718611186501	
  4.8375000000000350	  0.9618768965653425	  9.4223562107333017	125.1759531769824889	
  4.8500000000000352	  0.9552577554339922	  9.4231593565305776	126.7691497120076889	
  4.8625000000000353	  0.9480357240520269	  9.4241321452977065	128.3829053060660783	
  4.8750000000000355	  0.9402152313457991	  9.4252895470310776	130.0174665414167521	
  4.8875000000000357	  0.9318010790995818	  9.4266464156243863	131.6730827847109992	
  4.9000000000000359	  0.9227984389363694	  9.4282174795736200	133.3500062297237037	
  4.9125000000000361	  0.9132128490672468	  9.4300173327602810	135.0484919408158078	
  4.9250000000000362	  0.9030502108113518	  9.4320604253186211	136.7687978971319467	
  4.9375000000000364	  0.8923167848886058	  9.4343610545925980	138.5111850375374161	
  4.9500000000000366	  0.8810191874875234	  9.4369333561881845	140.2759173062987088	
  4.9625000000000368	  0.8691643861105589	  9.4397912951266409	142.0632616995115711	
  4.9750000000000369	  0.8567596951995796	  9.4429486571042673	143.8734883122807560	
  4.9875000000000371	  0.8438127715441993	  9.4464190398641126	145.7068703866552255	
  5.0000000000000373	  0.8303316094758370	  9.4502158446850046	147.5636843603228101	
  5.0125000000000375	  0.8163245358505016	  9.4543522679932490	149.4442099160682744	
  5.0250000000000377	  0.8018002048234358	  9.4588412931022194	151.3487300319983717	
  5.0375000000000378	  0.7867675924188801	  9.4636956820850067	153.2775310325379508	
  5.0500000000000380	  0.7712359908983478	  9.4689279677852021	155.2309026402005259	
  5.0625000000000382	  0.7552150029309294	  9.4745504459708165	157.2091380281372324	
  5.0750000000000384	  0.7387145355692624	  9.4805751676362213	159.2125338734678053	
  5.0875000000000385	  0.7217447940349325	  9.4870139314569357	161.2413904113970489	
  5.1000000000000387	  0.7043162753171833	  9.4938782764019649	163.2960114901206339	
  5.1125000000000389	  0.6864397615889329	  9.5011794745083176	165.3767046265235194	
  5.1250000000000391	  0.6681263134442096	  9.5089285238221937	167.4837810626749786	
  5.1375000000000393	  0.6493872629612280	  9.5171361415112798	169.6175558231232117	
  5.1500000000000394	  0.6302342065954384	  9.5258127571524351	171.7783477729936692	
  5.1625000000000396	  0.6106789979069874	  9.5349685061989771	173.9664796768941528	
  5.1750000000000398	  0.5907337401271312	  9.5446132236316252	176.1822782586305038	
  5.1875000000000400	  0.5704107785682423	  9.5547564377971010	178.4260742617362610	
  5.2000000000000401	  0.5497226928821529	  9.5654073644382027	180.6982025108199252	
  5.2125000000000403	  0.5286822891716653	  9.5765749009191019	182.9990019737332148	
  5.2250000000000405	  0.5073025919601587	  9.5882676206494661	185.3288158245640602	
  5.2375000000000407	  0.4855968360243062	  9.6004937677108835	187.6879915074577525	
  5.2500000000000409	  0.4635784580950021	  9.6132612516889573	190.0768808012699083	
  5.2625000000000410	  0.4412610884316830	  9.6265776427142864	192.4958398850549202	
  5.2750000000000412	  0.4186585422753036	  9.6404501667154339	194.9452294043934444	
  5.2875000000000414	  0.3957848111853060	  9.6548857008868492	197.4254145385626487	
  5.3000000000000416	  0.3726540542659914	  9.6698907693745788	199.9367650685530009	
  5.3125000000000417	  0.3492805892877737	  9.6854715391824460	202.4796554459354354	
  5.3250000000000419	  0.3256788837088600	  9.7016338163012659	205.0544648625823925	
  5.3375000000000421	  0.3018635456029649	  9.7183830420635147	207.6615773212471083	
  5.3500000000000423	  0.2778493144987232	  9.7357242897257201	210.3013817070047082	
  5.3625000000000425	  0.2536510521365239	  9.7536622612807076	212.9742718595592521	
  5.3750000000000426	  0.2292837331485344	  9.7722012845017066	215.6806466464209109	
  5.3875000000000428	  0.2047624356677389	  9.7913453102201355	218.4209100369572241	
  5.4000000000000430	  0.1801023318718521	  9.8110979098387876	221.1954711773228439	
  5.4125000000000432	  0.1553186784680156	  9.8314622730819607	224.0047444662720295	
  5.4250000000000433	  0.1304268071242183	  9.8524412059839239	226.8491496318582676	
  5.4375000000000435	  0.1054421148534153	  9.8740371291169957	229.7291118090256532	
  5.4500000000000437	  0.0803800543563510	  9.8962520760603159	232.6450616180965199	
  5.4625000000000439	  0.0552561243291173	  9.9190876921102866	235.5974352441600672	
  5.4750000000000441	  0.0300858597414976	  9.9425452332334636	238.5866745173669585	
  5.4875000000000442	  0.0048848220921689	  9.9666255652625679	241.6132269941346067	
  5.5000000000000444	 -0.0203314103531543	  9.9913291633361077	244.6775460392684067	
  5.5125000000000446	 -0.0455472523345366	 10.0166561115819501	247.7800909090041159	
  5.5250000000000448	 -0.0707471213754998	 10.0426061030450597	250.9213268349766395	
  5.5375000000000449	 -0.0959154475594542	 10.0691784398594155	254.1017251091207356	
  5.5500000000000451	 -0.1210366832987801	 10.0963720336640179	257.3217631695093814	
  5.5625000000000453	 -0.1460953130904597	 10.1241854062627183	260.5819246871354267	
  5.5750000000000455	 -0.1710758632521679	 10.1526166905274398	263.8826996536425327	
  5.5875000000000457	 -0.1959629116327430	 10.1816636315442448	267.2245844700116209	
  5.6000000000000458	 -0.2207410972909750	 10.2113235880015090	270.6080820362088275	
  5.6125000000000460	 -0.2453951301366685	 10.2415935338193336	274.0337018418018715	
  5.6250000000000462	 -0.2699098005279600	 10.2724700600191898	277.5019600575508321	
  5.6375000000000464	 -0.2942699888188994	 10.3039493768325965	281.0133796279808962	
  5.6500000000000465	 -0.3184606748513341	 10.3360273160475309	284.5684903649434432	
  5.6625000000000467	 -0.3424669473851699	 10.3686993335910866	288.1678290421729685	
  5.6750000000000469	 -0.3662740134611229	 10.4019605123467755	291.8119394908474078	
  5.6875000000000471	 -0.3898672076901160	 10.4358055652046886	295.5013726961591374	
  5.7000000000000473	 -0.4132320014635225	 10.4702288383426243	299.2366868949046648	
  5.7125000000000474	 -0.4363540120785071	 10.5052243147361128	303.0184476741011963	
  5.7250000000000476	 -0.4592190117727682	 10.5407856178951498	306.8472280706380957	
  5.7375000000000478	 -0.4818129366630431	 10.5769060158252941	310.7236086719719310	
  5.7500000000000480	 -0.5041218955817953	 10.6135784252106422	314.6481777178738639	
  5.7625000000000481	 -0.5261321788065713	 10.6507954158160771	318.6215312032384190	
  5.7750000000000483	 -0.5478302666765761	 10.6885492151060184	322.6442729819626152	
  5.7875000000000485	 -0.5692028380910925	 10.7268317130767858	326.7170148719053486	
  5.8000000000000487	 -0.5902367788844389	 10.7656344672995612	330.8403767609365218	
  5.8125000000000488	 -0.6109191900722404	 10.8049487081707749	335.0149867140860920	
  5.8250000000000490	 -0.6312373959638676	 10.8447653443666425	339.2414810818032151	
  5.8375000000000492	 -0.6511789521359816	 10.8850749684984294	343.5205046093362853	
  5.8500000000000494	 -0.6707316532622092	 10.9258678629649086	347.8527105472444987	
  5.8625000000000496	 -0.6898835407940647	 10.9671340059983482	352.2387607630521984	
  5.8750000000000497	 -0.7086229104883272	 11.0088630779002337	356.6793258540576517	
  5.8875000000000499	 -0.7269383197761755	 11.0510444674628410	361.1750852613075722	
  5.9000000000000501	 -0.7448185949694869	 11.0936672785726174	365.7267273847498359	
  5.9125000000000503	 -0.7622528382998033	 11.1367203369912602	370.3349496995766117	
  5.9250000000000504	 -0.7792304347855760	 11.1801921973102285	375.0004588737706399	
  5.9375000000000506	 -0.7957410589234063	 11.2240711500743515	379.7239708868675621	
  5.9500000000000508	 -0.8117746811991100	 11.2683452290700590	384.5062111499478874	
  5.9625000000000510	 -0.8273215744145461	 11.3130022187736952	389.3479146268717841	
  5.9750000000000512	 -0.8423723198262660	 11.3580296619552232	394.2498259567714172	
  5.9875000000000513	 -0.8569178130921564	 11.4034148674325930	399.2126995778145329	
  6.0000000000000515	 -0.8709492700223707	 11.4491449179718909	404.2372998522541252	
  6.0125000000000517	 -0.8844582321309633	 11.4952066783283495	409.3244011927798738	
  6.0250000000000519	 -0.8974365719847712	 11.5415868034231721	414.4747881901856204	
  6.0375000000000520	 -0.9098764983462070	 11.5882717466510563	419.6892557423697667	
  6.0500000000000522	 -0.9217705611067628	 11.6352477683132207	424.9686091846840554	
  6.0625000000000524	 -0.9331116560081529	 11.6825009441706538	430.3136644216476157	
  6.0750000000000526	 -0.9438930291481549	 11.7300171741122323	435.7252480600429294	
  6.0875000000000528	 -0.9541082812683455	 11.7777821909322835	441.2041975434111123	
  6.1000000000000529	 -0.9637513718210633	 11.8257815692121060	446.7513612879642437	
  6.1125000000000531	 -0.9728166228130688	 11.8740007342998712	452.3675988199327094	
  6.1250000000000533	 -0.9812987224235111	 11.9224249713833075	458.0537809143663139	
  6.1375000000000535	 -0.9891927283939536	 11.9710394346494713	463.8107897354072975	
  6.1500000000000536	 -0.9964940711883511	 12.0198291565258852	469.6395189780555484	
  6.1625000000000538	 -1.0031985569210189	 12.0687790569972506	475.5408740114448847	
  6.1750000000000540	 -1.0093023700507735	 12.1178739529919071	481.5157720236510954	
  6.1875000000000542	 -1.0148020758395775	 12.1670985678321628	487.5651421680515796	
  6.2000000000000544	 -1.0196946225741641	 12.2164375407425858	493.6899257112585246	
  6.2125000000000545	 -1.0239773435492663	 12.2658754364102922	499.8910761826459748	
  6.2250000000000547	 -1.0276479588112264	 12.3153967545912639	506.1695595254934688	
  6.2375000000000549	 -1.0307045766609086	 12.3649859397566697	512.5263542497677918	
  6.2500000000000551	 -1.0331456949149920	 12.4146273907731644	518.9624515865664307	
  6.2625000000000552	 -1.0349702019248670	 12.4643054706110910	525.4788556442447316	
  6.2750000000000554	 -1.0361773773525174	 12.5140045160745235	532.0765835662515428	
  6.2875000000000556	 -1.0367668927029143	 12.5637088475470602	538.7566656906966500	
  6.3000000000000558	 -1.0367388116126073	 12.6134027787472469	545.5201457116748998	
  6.3125000000000560	 -1.0360935898943464	 12.6630706264875474	552.3680808423714552	
  6.3250000000000561	 -1.0348320753377236	 12.7126967204307455	559.3015419799748997	
  6.3375000000000563	 -1.0329555072659740	 12.7622654128376620	566.3216138724224038	
  6.3500000000000565	 -1.0304655158492302	 12.8117610883000950	573.4293952870049225	
  6.3625000000000567	 -1.0273641211746758	 12.8611681734528833	580.6259991808582299	
  6.3750000000000568	 -1.0236537320741950	 12.9104711466590185	587.9125528733678721	
  6.3875000000000570	 -1.0193371447102693	 12.9596545476617440	595.2901982205155491	
  6.4000000000000572	 -1.0144175409210217	 13.0087029871975872	602.7600917911954639	
  6.4125000000000574	 -1.0088984863254598	 13.0576011565643171	610.3234050455291708	
  6.4250000000000576	 -1.0027839281901214	 13.1063338371378322	617.9813245152088257	
  6.4375000000000577	 -0.9960781930584722	 13.1548859098320250	625.7350519858982807	
  6.4500000000000579	 -0.9887859841445558	 13.2032423644956900	633.5858046817223794	
  6.4625000000000581	 -0.9809123784925450	 13.2513883092405962	641.5348154518758292	
  6.4750000000000583	 -0.9724628239039875	 13.2993089796949011	649.5833329593821190	
  6.4875000000000584	 -0.9634431356346850	 13.3469897481760675	657.7326218720356792	
  6.5000000000000586	 -0.9538594928632905	 13.3944161327775877	665.9839630555580925	
  6.5125000000000588	 -0.9437184349338505	 13.4415738063637953	674.3386537690031446	
  6.5250000000000590	 -0.9330268573746603	 13.4884486054671271	682.7980078624427733	
  6.5375000000000592	 -0.9217920076959409	 13.5350265390823097	691.3633559769684780	
  6.5500000000000593	 -0.9100214809689846	 13.5812937973518792	700.0360457470425217	
  6.5625000000000595	 -0.8977232151895523	 13.6272367601376789	708.8174420052348523	
  6.5750000000000597	 -0.8849054864284441	 13.6728420054729156	717.7089269893797336	
  6.5875000000000599	 -0.8715769037722920	 13.7180963178894864	726.7119005521904000	
  6.6000000000000600	 -0.8577464040577613	 13.7629866966153767	735.8277803733661813	
  6.6125000000000602	 -0.8434232464024725	 13.8075003636369775	745.0580021742310919	
  6.6250000000000604	 -0.8286170065360851	 13.8516247716212728	754.4040199349412887	
  6.6375000000000606	 -0.8133375709351077	 13.8953476116929355	763.8673061142991401	
  6.6500000000000608	 -0.7975951307651253	 13.9386568210614641	773.4493518722136969	
  6.6625000000000609	 -0.7814001756342508	 13.9815405904935695	783.1516672948463338	
  6.6750000000000611	 -0.7647634871617306	 14.0239873716261272	792.9757816224826001	
  6.6875000000000613	 -0.7476961323657469	 14.0659858841151255	802.9232434801699583	
  6.7000000000000615	 -0.7302094568745738	 14.1075251226161171	812.9956211111629045	
  6.7125000000000616	 -0.7123150779653545	 14.1485943635918012	823.1945026132177645	
  6.7250000000000618	 -0.6940248774348766	 14.1891831719424530	833.5214961777791132	
  6.7375000000000620	 -0.6753509943068254	 14.2292814074550762	843.9782303321006793	
  6.7500000000000622	 -0.6563058173800997	 14.2688792310671957	854.5663541843446183	
  6.7625000000000624	 -0.6369019776228729	 14.3079671109413873	865.2875376717031486	
  6.7750000000000625	 -0.6171523404171803	 14.3465358283467221	876.1434718115870055	
  6.7875000000000627	 -0.5970699976589053	 14.3845764833434338	887.1358689559270942	
  6.8000000000000629	 -0.5766682597181316	 14.4220805002672563	898.2664630486333408	
  6.8125000000000631	 -0.5559606472649100	 14.4590396330099598	909.5370098862593977	
  6.8250000000000632	 -0.5349608829655806	 14.4954459700927991	920.9492873819192482	
  6.8375000000000634	 -0.5136828830548659	 14.5312919395296731	932.5050958325032298	
  6.8500000000000636	 -0.4921407487890317	 14.5665703134769515	944.2062581892421349	
  6.8625000000000638	 -0.4703487577854872	 14.6012742126670130	956.0546203316692981	
  6.8750000000000639	 -0.4483213552542656	 14.6353971106227636	968.0520513450283033	
  6.8875000000000641	 -0.4260731451268959	 14.6689328376504431	980.2004438011786078	
  6.9000000000000643	 -0.4036188810882412	 14.7018755846082083	992.5017140430480822	
  6.9125000000000645	 -0.3809734575169382	 14.7342199064481498	1004.9578024726857848	
  6.9250000000000647	 -0.3581519003401318	 14.7659607255294922	1017.5706738429654479	
  6.9375000000000648	 -0.3351693578082525	 14.7970933347008753	1030.3423175529931086	
  6.9500000000000650	 -0.3120410911956337	 14.8276134001498061	1043.2747479472729992	
  6.9625000000000652	 -0.2887824654328140	 14.8575169640174725	1056.3700046186843338	
  6.9750000000000654	 -0.2654089396764112	 14.8868004467772437	1069.6301527153243569	
  6.9875000000000655	 -0.2419360578224961	 14.9154606493753761	1083.0572832512734749	
  7.0000000000000657	 -0.2183794389694291	 14.9434947551325727	1096.6535134213379479	
  7.0125000000000659	 -0.1947547678361529	 14.9709003314051721	1110.4209869198266460	
  7.0250000000000661	 -0.1710777851419666	 14.9976753310049205	1124.3618742634191676	
  7.0375000000000663	 -0.1473642779538271	 15.0238180933764163	1138.4783731181844360	
  7.0500000000000664	 -0.1236300700072475	 15.0493273455314824	1152.7727086308063917	
  7.0625000000000666	 -0.0998910120068780	 15.0742022027398423	1167.2471337640786260	
  7.0750000000000668	 -0.0761629719128661	 15.0984421689756818	1181.9039296367254792	
  7.0875000000000670	 -0.0524618252191073	 15.1220471371197576	1196.7454058676125896	
  7.1000000000000671	 -0.0288034452294966	 15.1450173889169388	1211.7739009244062345	
  7.1125000000000673	 -0.0052036933382987	 15.1673535946891818	1226.9917824767453567	
  7.1250000000000675	  0.0183215906792516	 15.1890568128040790	1242.4014477539878953	
  7.1375000000000677	  0.0417565983600111	 15.2101284888993149	1258.0053239075955389	
  7.1500000000000679	  0.0650855622235523	 15.2305704548634822	1273.8058683782210210	
  7.1625000000000680	  0.0882927654142700	 15.2503849275738759	1289.8055692675625323	
  7.1750000000000682	  0.1113625513088985	 15.2695745073920452	1306.0069457150514154	
  7.1875000000000684	  0.1342793330833980	 15.2881421764179866	1322.4125482794397612	
  7.2000000000000686	  0.1570276032331862	 15.3060912965040981	1339.0249593253538478	
  7.2125000000000687	  0.1795919430407245	 15.3234256070300621	1355.8467934148825407	
  7.2250000000000689	  0.2019570319844977	 15.3401492224400737	1372.8806977042688686	
  7.2375000000000691	  0.2241076570834649	 15.3562666295438977	1390.1293523457743504	
  7.2500000000000693	  0.2460287221710949	 15.3717826845834136	1407.5954708947851941	
  7.2625000000000695	  0.2677052570931489	 15.3867026100664930	1425.2818007222326742	
  7.2750000000000696	  0.2891224268234124	 15.4010319913701519	1443.1911234323986264	
  7.2875000000000698	  0.3102655404916385	 15.4147767731150385	1461.3262552861783661	
  7.3000000000000700	  0.3311200603180090	 15.4279432553135614	1479.6900476298749254	
  7.3125000000000702	  0.3516716104484864	 15.4405380892939856	1498.2853873295975973	
  7.3250000000000703	  0.3719059856854845	 15.4525682734030614	1517.1151972113409556	
  7.3375000000000705	  0.3918091601083540	 15.4640411484898284	1536.1824365068182487	
  7.3500000000000707	  0.4113672955782477	 15.4749643931733729	1555.4901013051276095	
  7.3625000000000709	  0.4305667501219982	 15.4853460188975056	1575.0412250103270253	
  7.3750000000000711	  0.4493940861897193	 15.4951943647754238	1594.8388788049962841	
  7.3875000000000712	  0.4678360787809208	 15.5045180922275030	1614.8861721198645682	
  7.4000000000000714	  0.4858797234340040	 15.5133261794155981	1635.1862531095850954	
  7.4125000000000716	  0.5035122440740948	 15.5216279154772945	1655.7423091347352511	
  7.4250000000000718	  0.5207211007142548	 15.5294328945636568	1676.5575672501254303	
  7.4375000000000719	  0.5374939970052065	 15.5367510096842167	1697.6352946994973081	
  7.4500000000000721	  0.5538188876287971	 15.5435924463629771	1718.9787994166968019	
  7.4625000000000723	  0.5696839855305276	 15.5499676761093930	1740.5914305334042638	
  7.4750000000000725	  0.5850777689865699	 15.5558874497083863	1762.4765788935067121	
  7.4875000000000727	  0.5999889885008002	 15.5613627903335257	1784.6376775742003247	
  7.5000000000000728	  0.6144066735274791	 15.5664049864876937	1807.0782024139075475	
  7.5125000000000730	  0.6283201390153218	 15.5710255847755850	1829.8016725470974961	
  7.5250000000000732	  0.6417189917688074	 15.5752363825125357	1852.8116509460990073	
  7.5375000000000734	  0.6545931366226948	 15.5790494201742824	1876.1117449699947883	
  7.5500000000000735	  0.6669327824258232	 15.5824769736923106	1899.7056069206889788	
  7.5625000000000737	  0.6787284478303998	 15.5855315465996274	1923.5969346062377099	
  7.5750000000000739	  0.6899709668830928	 15.5882258620317558	1947.7894719115370208	
  7.5875000000000741	  0.7006514944143732	 15.5905728545880056	1972.2870093764609010	
  7.6000000000000743	  0.7107615112226748	 15.5925856620580152	1997.0933847815440458	
  7.6125000000000744	  0.7202928290500676	 15.5942776170187205	2022.2124837413052774	
  7.6250000000000746	  0.7292375953462702	 15.5956622383069643	2047.6482403053080361	
  7.6375000000000748	  0.7375882978179580	 15.5967532223730636	2073.4046375670554880	
  7.6500000000000750	  0.7453377687604575	 15.5975644345206650	2099.4857082808193809	
  7.6625000000000751	  0.7524791891690524	 15.5981099000383718	2125.8955354865033769	
  7.6750000000000753	  0.7590060926272625	 15.5984037952285970	2152.6382531426374953	
  7.6875000000000755	  0.7649123689695970	 15.5984604383392647	2179.7180467676139415	
  7.7000000000000757	  0.7701922677164234	 15.5982942804039784	2207.1391540892568628	
  7.7125000000000759	  0.7748404012787323	 15.5979198959962950	2234.9058657028408561	
  7.7250000000000760	  0.7788517479307255	 15.5973519739039475	2263.0225257376546324	
  7.7375000000000762	  0.7822216545482952	 15.5966053077286908	2291.4935325322230710	
  7.7500000000000764	  0.7849458391116091	 15.5956947864176865	2320.3233393182904365	
  7.7625000000000766	  0.7870203929701639	 15.5946353847322658	2349.5164549136775349	
  7.7750000000000767	  0.7884417828688123	 15.5934421536600158	2379.0774444241201309	
  7.7875000000000769	  0.7892068527334251	 15.5921302107761282	2409.0109299542027657	
  7.8000000000000771	  0.7893128252149907	 15.5907147305599949	2439.3215913274957529	
  7.8125000000000773	  0.7887573029911107	 15.5892109346730301	2470.0141668160154040	
  7.8250000000000774	  0.7875382698239963	 15.5876340822038273	2501.0934538791170780	
  7.8375000000000776	  0.7856540913742251	 15.5859994598866471	2532.5643099119401995	
  7.8500000000000778	  0.7831035157696666	 15.5843223722992761	2564.4316530035239339	
  7.8625000000000780	  0.7798856739291377	 15.5826181320464503	2596.7004627047085705	
  7.8750000000000782	  0.7760000796405025	 15.5809020499348367	2629.3757808059472154	
  7.8875000000000783	  0.7714466293930828	 15.5791894251456977	2662.4627121251460267	
  7.9000000000000785	  0.7662256019643956	 15.5774955354113374	2695.9664253056589587	
  7.9125000000000787	  0.7603376577613898	 15.5758356272014211	2729.8921536245593416	
  7.9250000000000789	  0.7537838379165057	 15.5742249059252789	2764.2451958113147157	
  7.9375000000000790	  0.7465655631390309	 15.5726785261562082	2799.0309168769927055	
  7.9500000000000792	  0.7386846323223805	 15.5712115818839241	2834.2547489541266259	
  7.9625000000000794	  0.7301432209080793	 15.5698390968010898	2869.9221921473704242	
  7.9750000000000796	  0.7209438790073750	 15.5685760146300858	2906.0388153950752894	
  7.9875000000000798	  0.7110895292815627	 15.5674371894958750	2942.6102573419202599	
  8.0000000000000799	  0.7005834645822471	 15.5664373763510344	2979.6422272227337089	
  8.0125000000000792	  0.6894293453529228	 15.5655912214588330	3017.1405057576394029	
  8.0250000000000785	  0.6776311967933971	 15.5649132529403058	3055.1109460586662863	
  8.0375000000000778	  0.6651934057887267	 15.5644178713910204	3093.5594745479625090	
  8.0500000000000771	  0.6521207176044862	 15.5641193405735851	3132.4920918877523945	
  8.0625000000000764	  0.6384182323503349	 15.5640317781914970	3171.9148739221832329	
  8.0750000000000757	  0.6240914012139833	 15.5641691467500944	3211.8339726312005951	
  8.0875000000000750	  0.6091460224678116	 15.5645452445102581	3252.2556170966045102	
  8.1000000000000743	  0.5935882372505277	 15.5651736965404481	3293.1861144804288415	
  8.1125000000000735	  0.5774245251263934	 15.5660679458726570	3334.6318510157989294	
  8.1250000000000728	  0.5606616994246845	 15.5672412447676880	3376.5992930104139305	
  8.1375000000000721	  0.5433069023621869	 15.5687066460951762	3419.0949878628111946	
  8.1500000000000714	  0.5253675999516642	 15.5704769948337614	3462.1255650915650222	
  8.1625000000000707	  0.5068515766993660	 15.5725649196964859	3505.6977373775775959	
  8.1750000000000700	  0.4877669300947740	 15.5749828248867903	3549.8183016196226163	
  8.1875000000000693	  0.4681220648959135	 15.5777428819900745	3594.4941400032985257	
  8.2000000000000686	  0.4479256872136846	 15.5808570220058620	3639.7322210835573060	
  8.2125000000000679	  0.4271867983987869	 15.5843369275254453	3685.5396008809734667	
  8.2250000000000671	  0.4059146887349402	 15.5881940250599236	3731.9234239919169340	
  8.2375000000000664	  0.3841189309422166	 15.5924394775232980	3778.8909247128021889	
  8.2500000000000657	  0.3618093734944207	 15.5970841768752368	3826.4494281785814565	
  8.2625000000000650	  0.3389961337545685	 15.6021387369281257	3874.6063515156561152	
  8.2750000000000643	  0.3156895909326247	 15.6076134863227285	3923.3692050093809485	
  8.2875000000000636	  0.2919003788697713	 15.6135184616768381	3972.7455932863385897	
  8.3000000000000629	  0.2676393786535844	 15.6198634009111483	4022.7432165115624230	
  8.3125000000000622	  0.2429177110686015	 15.6266577367563713	4073.3698716008916563	
  8.3250000000000615	  0.2177467288868623	 15.6339105904456765	4124.6334534486377379	
  8.3375000000000608	  0.1921380090031033	 15.6416307655962292	4176.5419561707540197	
  8.3500000000000600	  0.1661033444193830	 15.6498267422836843	4229.1034743636928397	
  8.3625000000000593	  0.1396547360840069	 15.6585066713131340	4282.3262043791382894	
  8.3750000000000586	  0.1128043845897087	 15.6676783686901295	4336.2184456148161189	
  8.3875000000000579	  0.0855646817361312	 15.6773493102950923	4390.7886018215685908	
  8.4000000000000572	  0.0579482019617361	 15.6875266267643916	4446.0451824268920973	
  8.4125000000000565	  0.0299676936503460	 15.6982170985811607	4501.9968038751449058	
  8.4250000000000558	  0.0016360703176028	 15.7094271513789252	4558.6521909846160270	
  8.4375000000000551	 -0.0270335983173040	 15.7211628514608108	4616.0201783216762124	
  8.4500000000000544	 -0.0560280953692090	 15.7334299015371091	4674.1097115922020748	
  8.4625000000000536	 -0.0853340659283574	 15.7462336366837423	4732.9298490504952497	
  8.4750000000000529	 -0.1149380263000467	 15.7595790205240593	4792.4897629259075984	
  8.4875000000000522	 -0.1448263733369142	 15.7734706416363295	4852.7987408673852769	
  8.5000000000000515	 -0.1749853938581983	 15.7879127101889889	4913.8661874061517665	
  8.5125000000000508	 -0.2054012741502539	 15.8029090548057827	4975.7016254367545116	
  8.5250000000000501	 -0.2360601095425501	 15.8184631196625514	5038.3146977166916258	
  8.5375000000000494	 -0.2669479140533376	 15.8345779618174749	5101.7151683848551329	
  8.5500000000000487	 -0.2980506300991272	 15.8512562487762079	5165.9129244990099323	
  8.5625000000000480	 -0.3293541382620890	 15.8685002562935953	5230.9179775925549620	
  8.5750000000000473	 -0.3608442671094417	 15.8863118664129797	5296.7404652507884748	
  8.5875000000000465	 -0.3925068030588743	 15.9046925657442859	5363.3906527069229924	
  8.6000000000000458	 -0.4243275002840218	 15.9236434439820709	5430.8789344580955003	
  8.6125000000000451	 -0.4562920906539801	 15.9431651926641127	5499.2158359016066242	
  8.6250000000000444	 -0.4883862937008404	 15.9632581041712651	5568.4120149916507216	
  8.6375000000000437	 -0.5205958266092017	 15.9839220709692391	5638.4782639167751768	
  8.6500000000000430	 -0.5529064142216091	 16.0051565850925357	5709.4255107983344715	
  8.6625000000000423	 -0.5853037990538598	 16.0269607378708301	5781.2648214101855046	
  8.6750000000000416	 -0.6177737513141134	 16.0493332198977647	5854.0074009198979184	
  8.6875000000000409	 -0.6503020789197466	 16.0722723212422771	5927.6645956517331797	
  8.7000000000000401	 -0.6828746375058914	 16.0957759319019225	6002.2478948716652667	
  8.7125000000000394	 -0.7154773404196098	 16.1198415424980972	6077.7689325947121688	
  8.7250000000000387	 -0.7480961686936639	 16.1444662452123957	6154.2394894148565072	
  8.7375000000000380	 -0.7807171809938621	 16.1696467349635249	6231.6714943578308521	
  8.7500000000000373	 -0.8133265235339736	 16.1953793108238457	6310.0770267570487704	
  8.7625000000000366	 -0.8459104399522350	 16.2216598776746466	6389.4683181529662761	
  8.7750000000000359	 -0.8784552811434948	 16.2484839480988441	6469.8577542161729070	
  8.7875000000000352	 -0.9109475150410712	 16.2758466445099934	6551.2578766944880044	
  8.8000000000000345	 -0.9433737363424374	 16.3037427015159260	6633.6813853843741526	
  8.8125000000000338	 -0.9757206761728842	 16.3321664685156698	6717.1411401269651833	
  8.8250000000000330	 -1.0079752116813510	 16.3611119125277540	6801.6501628290034205	
  8.8375000000000323	 -1.0401243755626617	 16.3905726212479017	6887.2216395090090373	
  8.8500000000000316	 -1.0721553655004568	 16.4205418063344091	6973.8689223689843857	
  8.8625000000000309	 -1.1040555535251535	 16.4510123069186349	7061.6055318919743513	
  8.8750000000000302	 -1.1358124952813373	 16.4819765933385654	7150.4451589658001467	
  8.8875000000000295	 -1.1674139391990355	 16.5134267710928100	7240.4016670332921422	
  8.9000000000000288	 -1.1988478355633945	 16.5453545850125536	7331.4890942693555189	
  8.9125000000000281	 -1.2301023454773452	 16.5777514236486212	7423.7216557851943435	
  8.9250000000000274	 -1.2611658497119149	 16.6106083238708138	7517.1137458600378523	
  8.9375000000000266	 -1.2920269574389125	 16.6439159756764745	7611.6799402007072786	
  8.9500000000000259	 -1.3226745148407983	 16.6776647272052507	7707.4349982293724679	
  8.9625000000000252	 -1.3530976135926223	 16.7118445899565238	7804.3938653998457085	
  8.9750000000000245	 -1.3832855992110042	 16.7464452442064164	7902.5716755427756652	
  8.9875000000000238	 -1.4132280792652123	 16.7814560446205974	8001.9837532400888449	
  9.0000000000000231	 -1.4429149314454885	 16.8168660260593370	8102.6456162290578504	
  9.0125000000000224	 -1.4723363114838606	 16.8526639095709818	8204.5729778363547666	
  9.0250000000000217	 -1.5014826609227792	 16.8888381085700203	8307.7817494424743927	
  9.0375000000000210	 -1.5303447147270142	 16.9253767351956554	8412.2880429768902104	
  9.0500000000000203	 -1.5589135087343484	 16.9622676068467086	8518.1081734443505411	
  9.0625000000000195	 -1.5871803869407131	 16.9994982528887633	8625.2586614826850564	
  9.0750000000000188	 -1.6151370086155110	 17.0370559215290918	8733.7562359525163629	
  9.0875000000000181	 -1.6427753552429927	 17.0749275868548374	8843.6178365592968476	
  9.1000000000000174	 -1.6700877372856515	 17.1130999560300445	8954.8606165080473147	
  9.1125000000000167	 -1.6970668007657348	 17.1515594766467210	9067.5019451912212389	
  9.1250000000000160	 -1.7237055336610720	 17.1902923442253162	9181.5594109101220965	
  9.1375000000000153	 -1.7499972721115451	 17.2292845098595429	9297.0508236302612204	
  9.1500000000000146	 -1.7759357064326580	 17.2685216880008170	9413.9942177711182012	
  9.1625000000000139	 -1.8015148869327715	 17.3079893643770788	9532.4078550307131081	
  9.1750000000000131	 -1.8267292295307136	 17.3476728040411565	9652.3102272454325430	
  9.1875000000000124	 -1.8515735211705833	 17.3875570595428712	9773.7200592855533614	
  9.2000000000000117	 -1.8760429250307296	 17.4276269792204275	9896.6563119869188085	
  9.2125000000000110	 -1.9001329855239824	 17.4678672156048940	10021.1381851192054455	
  9.2250000000000103	 -1.9238396330863778	 17.5082622339328395	10147.1851203912610799	
  9.2375000000000096	 -1.9471591887517452	 17.5487963207616176	10274.8168044939629908	
  9.2500000000000089	 -1.9700883685096533	 17.5894535926812630	10404.0531721810748422	
  9.2625000000000082	 -1.9926242874443771	 17.6302180051179107	10534.9144093885897746	
  9.2750000000000075	 -2.0147644636526607	 17.6710733612227031	10667.4209563930235163	
  9.2875000000000068	 -2.0365068219382190	 17.7120033208405268	10801.5935110091704701	
  9.3000000000000060	 -2.0578496972810441	 17.7529914095526102	10937.4530318278066261	
  9.3125000000000053	 -2.0787918380797543	 17.7940210277875472	11075.0207414938413422	
  9.3250000000000046	 -2.0993324091653403	 17.8350754599942611	11214.3181300254400412	
  9.3375000000000039	 -2.1194709945848351	 17.8761378838714613	11355.3669581746271433	
  9.3500000000000032	 -2.1392076001535756	 17.9171913796471962	11498.1892608298821870	
  9.3625000000000025	 -2.1585426557748684	 17.9582189394029506	11642.8073504612839315	
  9.3750000000000018	 -2.1774770175260327	 17.9992034764356319	11789.2438206087135768	
  9.3875000000000011	 -2.1960119695099394	 18.0401278346519831	11937.5215494136809866	
  9.4000000000000004	 -2.2141492254713167	 18.0809747979888513	12087.6637031953068799	
  9.4124999999999996	 -2.2318909301772534	 18.1217270998535049	12239.6937400710394286	
  9.4249999999999989	 -2.2492396605614680	 18.1623674325776214	12393.6354136226491391	
  9.4374999999999982	 -2.2661984266320880	 18.2028784568790378	12549.5127766080859146	
  9.4499999999999975	 -2.2827706721428127	 18.2432428113248584	12707.3501847197858297	
  9.4624999999999968	 -2.2989602750275115	 18.2834431217899507	12867.1723003899878677	
  9.4749999999999961	 -2.3147715475984421	 18.3234620109045210	13029.0040966436918097	
  9.4874999999999954	 -2.3302092365084435	 18.3632821074847961	13192.8708609998266184	
  9.4999999999999947	 -2.3452785224776003	 18.4028860559404883	13358.7981994212568679	
  9.5124999999999940	 -2.3599850197850354	 18.4422565256529900	13526.8120403142438590	
  9.5249999999999932	 -2.3743347755266440	 18.4813762203181362	13696.9386385779853299	
  9.5374999999999925	 -2.3883342686397220	 18.5202278872474189	13869.2045797048631357	
  9.5499999999999918	 -2.4019904086956121	 18.5587943266217081	14043.6367839320464554	
  9.5624999999999911	 -2.4153105344616259	 18.5970584006911892	14220.2625104450980871	
  9.5749999999999904	 -2.4283024122336641	 18.6350030429156313	14399.1093616342459427	
  9.5874999999999897	 -2.4409742339411009	 18.6726112670391124	14580.2052874039800372	
  9.5999999999999890	 -2.4533346150256441	 18.7098661760928771	14763.5785895366570912	
  9.6124999999999883	 -2.4653925920960447	 18.7467509713207647	14949.2579261107894126	
  9.6249999999999876	 -2.4771576203606620	 18.7832489610213358	15137.2723159747183672	
  9.6374999999999869	 -2.4886395708400437	 18.8193435693004893	15327.6511432763727498	
  9.6499999999999861	 -2.4998487273618246	 18.8550183447292312	15520.4241620498160046	
  9.6624999999999854	 -2.5107957833403955	 18.8902569689007152	15715.6215008593044331	
  9.6749999999999847	 -2.5214918383439224	 18.9250432648808591	15913.2736675015912624	
  9.6874999999999840	 -2.5319483944514536	 18.9593612055469087	16113.4115537672132632	
  9.6999999999999833	 -2.5421773524029811	 18.9931949218085983	16316.0664402614947903	
  9.7124999999999826	 -2.5521910075454626	 19.0265287107063408	16521.2700012860404968	
  9.7249999999999819	 -2.5620020455779446	 19.0593470433809458	16729.0543097814806970	
  9.7374999999999812	 -2.5716235380990637	 19.0916345729098111	16939.4518423322442686	
  9.7499999999999805	 -2.5810689379603331	 19.1233761420041226	17152.4954842341248877	
  9.7624999999999797	 -2.5903520744287545	 19.1545567905620615	17368.2185346254918841	
  9.7749999999999790	 -2.5994871481624102	 19.1851617630729621	17586.6547116828769504	
  9.7874999999999783	 -2.6084887260028360	 19.2151765158670287	17807.8381578818189155	
  9.7999999999999776	 -2.6173717355880908	 19.2445867242067621	18031.8034453237560228	
  9.8124999999999769	 -2.6261514597905400	 19.2733782892138841	18258.5855811298097251	
  9.8249999999999762	 -2.6348435309835265	 19.3015373446283540	18488.2200129023221962	
  9.8374999999999755	 -2.6434639251411833	 19.3290502633941514	18720.7426342549770197	
  9.8499999999999748	 -2.6520289557757808	 19.3559036640674762	18956.1897904124161869	
  9.8624999999999741	 -2.6605552677170876	 19.3820844170432558	19194.5982838801792241	
  9.8749999999999734	 -2.6690598307383659	 19.4075796505951281	19436.0053801859030500	
  9.8874999999999726	 -2.6775599330336903	 19.4323767567255565	19680.4488136926665902	
  9.8999999999999719	 -2.6860731745514110	 19.4564633968211389	19927.9667934853787301	
  9.9124999999999712	 -2.6946174601886623	 19.4798275071098708	20178.5980093311773089	
  9.9249999999999705	 -2.7032109928519321	 19.5024573039160920	20432.3816377147195453	
  9.9374999999999698	 -2.7118722663887826	 19.5243412887097954	20689.3573479493679770	
  9.9499999999999691	 -2.7206200583959204	 19.5454682529464421	20949.5653083651995985	
  9.9624999999999684	 -2.7294734229088844	 19.5658272826939310	21213.0461925748204521	
  9.9749999999999677	 -2.7384516829787304	 19.5854077630435981	21479.8411858179715637	
  9.9874999999999670	 -2.7475744231411348	 19.6041993823017258	21749.9919913859266671	
  9.9999999999999662	 -2.7568614817834560	 19.6221921359587448	22023.5408371266785252	
