  0.0000000000000000	 -1.0000000000000000	  0.0000000000000000	  2.0000000000000000	
  0.0125000000000000	 -0.9996875020387503	  0.0499973948134257	  2.0122659525595838	
  0.0250000000000000	 -0.9987502319859647	  0.0999791662800826	  2.0240653504451367	
  0.0375000000000000	 -0.9971887756262315	  0.1499297016065049	  2.0354007695712046	
  0.0500000000000000	 -0.9950041088402642	  0.1998334075213058	  2.0462752009812100	
  0.0625000000000000	 -0.9921975969949950	  0.2496747200204639	  2.0566920505524178	
  0.0750000000000000	 -0.9887709940902520	  0.2994381140943185	  2.0666551384614484	
  0.0875000000000000	 -0.9847264416625551	  0.3491081134301938	  2.0761686984109153	
  0.1000000000000000	 -0.9800664674467117	  0.3986693000845892	  2.0852373766179277	
  0.1125000000000000	 -0.9747939837960535	  0.4481063241188903	  2.0938662305653444	
  0.1250000000000000	 -0.9689122858622979	  0.4974039131925784	  2.1020607275168142	
  0.1375000000000000	 -0.9624250495361729	  0.5465468821079443	  2.1098267427968000	
  0.1500000000000000	 -0.9553363291500931	  0.5955201423003392	  2.1171705578369195	
  0.1625000000000000	 -0.9476505549443223	  0.6443087112680337	  2.1240988579900963	
  0.1750000000000000	 -0.9393725302982048	  0.6928977219357902	  2.1306187301141586	
  0.1875000000000000	 -0.9305074287281985	  0.7412724319462974	  2.1367376599266681	
  0.2000000000000000	 -0.9210607906545832	  0.7894182328736595	  2.1424635291329159	
  0.2125000000000000	 -0.9110385199388671	  0.8373206593531827	  2.1478046123291596	
  0.2250000000000001	 -0.9004468801940535	  0.8849653981217526	  2.1527695736833219	
  0.2375000000000001	 -0.8892924908700754	  0.9323382969631528	  2.1573674633955155	
  0.2500000000000001	 -0.8775823231168437	  0.9794253735527346	  2.1616077139409020	
  0.2625000000000001	 -0.8653236954274937	  1.0262128241959085	  2.1655001360975259	
  0.2750000000000001	 -0.8525242690645544	  1.0726870324549991	  2.1690549147619076	
  0.2875000000000001	 -0.8391920432718980	  1.1188345776590682	  2.1722826045553161	
  0.3000000000000001	 -0.8253353502754622	  1.1646422432913923	  2.1751941252237739	
  0.3125000000000001	 -0.8109628500758694	  1.2100970252493477	  2.1778007568349809	
  0.3250000000000001	 -0.7960835250361981	  1.2551861399715449	  2.1801141347754784	
  0.3375000000000001	 -0.7807066742682878	  1.2998970324271311	  2.1821462445514923	
  0.3500000000000001	 -0.7648419078210875	  1.3442173839622686	  2.1839094163970372	
  0.3625000000000002	 -0.7484991406746774	  1.3881351199988845	  2.1854163196929717	
  0.3750000000000002	 -0.7316885865437198	  1.4316384175808812	  2.1866799572008313	
  0.3875000000000002	 -0.7144207514942106	  1.4747157127630905	  2.1877136591153721	
  0.4000000000000002	 -0.6967064273775204	  1.5173557078383557	  2.1885310769398894	
  0.4125000000000002	 -0.6785566850858303	  1.5595473783982208	  2.1891461771884790	
  0.4250000000000002	 -0.6599828676331757	  1.6012799802228184	  2.1895732349195285	
  0.4375000000000002	 -0.6409965830664228	  1.6425430559956491	  2.1898268271048305	
  0.4500000000000002	 -0.6216096972106095	  1.6833264418390534	  2.1899218258388244	
  0.4625000000000002	 -0.6018343262531827	  1.7236202736662960	  2.1898733913925703	
  0.4750000000000003	 -0.5816828291717674	  1.7634149933462879	  2.1896969651171614	
  0.4875000000000003	 -0.5611678000102012	  1.8027013546770985	  2.1894082622013848	
  0.5000000000000002	 -0.5403020600076589	  1.8414704291645196	  2.1890232642885330	
  0.5125000000000002	 -0.5190986495857886	  1.8797136116020743	  2.1885582119573583	
  0.5250000000000001	 -0.4975708201988657	  1.9174226254489795	  2.1880295970722581	
  0.5375000000000001	 -0.4757320260520591	  1.9545895280027044	  2.1874541550078619	
  0.5500000000000000	 -0.4535959156929846	  1.9912067153628896	  2.1868488567532736	
  0.5625000000000000	 -0.4311763234818010	  2.0272669271835273	  2.1862309009013057	
  0.5750000000000000	 -0.4084872609451793	  2.0627632512104284	  2.1856177055281174	
  0.5874999999999999	 -0.3855429080195500	  2.0976891276011465	  2.1850268999687410	
  0.5999999999999999	 -0.3623576041890986	  2.1320383530246536	  2.1844763164940542	
  0.6124999999999998	 -0.3389458395240503	  2.1658050845382086	  2.1839839818948183	
  0.6249999999999998	 -0.3153222456248433	  2.1989838432389948	  2.1835681089784722	
  0.6374999999999997	 -0.2915015864778506	  2.2315695176882437	  2.1832470879844248	
  0.6499999999999997	 -0.2674987492283652	  2.2635573671057054	  2.1830394779236491	
  0.6624999999999996	 -0.2433287348766152	  2.2949430243324711	  2.1829639978484336	
  0.6749999999999996	 -0.2190066489026239	  2.3257224985602916	  2.1830395180581967	
  0.6874999999999996	 -0.1945476918257735	  2.3558921778256909	  2.1832850512473101	
  0.6999999999999995	 -0.1699671497049724	  2.3854488312673139	  2.1837197436009257	
  0.7124999999999995	 -0.1452803845853639	  2.4143896111450962	  2.1843628658448373	
  0.7249999999999994	 -0.1205028248975460	  2.4427120546199967	  2.1852338042554398	
  0.7374999999999994	 -0.0956499558153027	  2.4704140852931795	  2.1863520516358816	
  0.7499999999999993	 -0.0707373095778734	  2.4974940145036828	  2.1877371982645339	
  0.7624999999999993	 -0.0457804557828073	  2.5239505423837647	  2.1894089228219227	
  0.7749999999999992	 -0.0207949916554717	  2.5497827586712645	  2.1913869833022885	
  0.7874999999999992	  0.0042034676987069	  2.5749901432784745	  2.1936912079159567	
  0.7999999999999992	  0.0291992990531753	  2.5995725666171663	  2.1963414859887105	
  0.8124999999999991	  0.0541768808242614	  2.6235302896795649	  2.1993577588643700	
  0.8249999999999991	  0.0791206028341553	  2.6468639638752247	  2.2027600108167835	
  0.8374999999999990	  0.1040148760667606	  2.6695746306239072	  2.2065682599774354	
  0.8499999999999990	  0.1288441424103213	  2.6916637207047147	  2.2108025492848786	
  0.8624999999999989	  0.1535928843807337	  2.7131330533618869	  2.2154829374621858	
  0.8749999999999989	  0.1782456348194666	  2.7339848351678202	  2.2206294900286068	
  0.8874999999999988	  0.2027869865600299	  2.7542216586440178	  2.2262622703516026	
  0.8999999999999988	  0.2272016020569496	  2.7738465006408370	  2.2324013307454127	
  0.9124999999999988	  0.2514742229712316	  2.7928627204770415	  2.2390667036222820	
  0.9249999999999987	  0.2755896797063234	  2.8112740578403232	  2.2462783927024570	
  0.9374999999999987	  0.2995329008886150	  2.8290846304501076	  2.2540563642890286	
  0.9499999999999986	  0.3232889227865528	  2.8462989314841005	  2.2624205386136587	
  0.9624999999999986	  0.3468428986624807	  2.8629218267701848	  2.2713907812592038	
  0.9749999999999985	  0.3701801080513634	  2.8789585517454261	  2.2809868946651957	
  0.9874999999999985	  0.3932859659605925	  2.8944147081840810	  2.2912286097221028	
  0.9999999999999984	  0.4161460319851281	  2.9092962606966593	  2.3021355774602479	
  1.0124999999999984	  0.4387460193322754	  2.9236095330022245	  2.3137273608392004	
  1.0249999999999984	  0.4610718037504603	  2.9373612039762635	  2.3260234266434132	
  1.0374999999999983	  0.4831094323564201	  2.9505583034765945	  2.3390431374898135	
  1.0499999999999983	  0.5048451323552954	  2.9632082079499242	  2.3528057439529917	
  1.0624999999999982	  0.5262653196481720	  2.9753186358217958	  2.3673303768135749	
  1.0749999999999982	  0.5473566073216937	  2.9868976426728140	  2.3826360394352935	
  1.0874999999999981	  0.5681058140144396	  2.9979536162041582	  2.3987416002761859	
  1.0999999999999981	  0.5884999721548393	  3.0084952709955308	  2.4156657855393031	
  1.1124999999999980	  0.6085263360654745	  3.0185316430588180	  2.4334271719682055	
  1.1249999999999980	  0.6281723899287048	  3.0280720841908657	  2.4520441797924519	
  1.1374999999999980	  0.6474258556086383	  3.0371262561289001	  2.4715350658282071	
  1.1499999999999979	  0.6662747003245577	  3.0457041245122465	  2.4919179167389940	
  1.1624999999999979	  0.6847071441710079	  3.0538159526541193	  2.5132106424615390	
  1.1749999999999978	  0.7027116674798445	  3.0614722951273752	  2.5354309698015527	
  1.1874999999999978	  0.7202770180196421	  3.0686839911682382	  2.5585964362042000	
  1.1999999999999977	  0.7373922180279626	  3.0754621579021220	  2.5827243837039080	
  1.2124999999999977	  0.7540465710720902	  3.0818181833957770	  2.6078319530580623	
  1.2249999999999976	  0.7702296687339428	  3.0877637195401118	  2.6339360780690328	
  1.2374999999999976	  0.7859313971149849	  3.0933106747681318	  2.6610534800988677	
  1.2499999999999976	  0.8011419431570740	  3.0984712066125470	  2.6892006627808738	
  1.2624999999999975	  0.8158518007752914	  3.1032577141077016	  2.7183939069322034	
  1.2749999999999975	  0.8300517767989257	  3.1076828300405732	  2.7486492656714354	
  1.2874999999999974	  0.8437329967168933	  3.1117594130556840	  2.7799825597450361	
  1.2999999999999974	  0.8568869102240078	  3.1155005396188589	  2.8124093730664521	
  1.3124999999999973	  0.8695052965646308	  3.1189194958448527	  2.8459450484714757	
  1.3249999999999973	  0.8815802696703648	  3.1220297691939543	  2.8806046836933916	
  1.3374999999999972	  0.8931042830885773	  3.1248450400427550	  2.9164031275612889	
  1.3499999999999972	  0.9040701346986753	  3.1273791731343539	  2.9533549764247979	
  1.3624999999999972	  0.9144709712131849	  3.1296462089133357	  2.9914745708083750	
  1.3749999999999971	  0.9243002924608196	  3.1316603547509461	  3.0307759922981279	
  1.3874999999999971	  0.9335519554488633	  3.1334359760659409	  3.0712730606640459	
  1.3999999999999970	  0.9422201782023281	  3.1349875873466608	  3.1129793312203531	
  1.4124999999999970	  0.9502995433774872	  3.1363298430799440	  3.1559080924265746	
  1.4249999999999969	  0.9577850016475259	  3.1374775285925440	  3.2000723637317652	
  1.4374999999999969	  0.9646718748581922	  3.1384455508107769	  3.2454848936642047	
  1.4499999999999968	  0.9709558589514786	  3.1392489289441743	  3.2921581581687289	
  1.4624999999999968	  0.9766330266555042	  3.1399027850989607	  3.3401043591937207	
  1.4749999999999968	  0.9816998299389186	  3.1404223348272269	  3.3893354235296425	
  1.4874999999999967	  0.9861531022282917	  3.1408228776177007	  3.4398630019008420	
  1.4999999999999967	  0.9899900603871058	  3.1411197873340631	  3.4916984683122276	
  1.5124999999999966	  0.9932083064551114	  3.1413285026067794	  3.5448529196522531	
  1.5249999999999966	  0.9958058291469599	  3.1414645171844562	  3.5993371755535084	
  1.5374999999999965	  0.9977810051091782	  3.1415433702507505	  3.6551617785120682	
  1.5499999999999965	  0.9991325999346969	  3.1415806367128836	  3.7123369942665980	
  1.5624999999999964	  0.9998597689343010	  3.1415919174678297	  3.7708728124380659	
  1.5749999999999964	  0.9999620576645183	  3.1415928296522626	  3.8307789474307685	
  1.5874999999999964	  0.9994394022116186	  3.1415989968823510	  3.8920648395952200	
  1.5999999999999963	  0.9982921292315425	  3.1416260394895081	  3.9547396566533100	
  1.6124999999999963	  0.9965209557457380	  3.1416895647581917	  4.0188122953859819	
  1.6249999999999962	  0.9941269886930313	  3.1418051571718597	  4.0842913835835395	
  1.6374999999999962	  0.9911117242378117	  3.1419883686731755	  4.1511852822585311	
  1.6499999999999961	  0.9874770468349632	  3.1422547089445509	  4.2195020881210228	
  1.6624999999999961	  0.9832252280521272	  3.1426196357151004	  4.2892496363159145	
  1.6749999999999960	  0.9783589251500323	  3.1430985451000644	  4.3604355034218001	
  1.6874999999999960	  0.9728811794217788	  3.1437067619787404	  4.4330670107107455	
  1.6999999999999960	  0.9667954142921147	  3.1444595304169343	  4.5071512276681798	
  1.7124999999999959	  0.9601054331778932	  3.1453720041399174	  4.5826949757719806	
  1.7249999999999959	  0.9528154171110462	  3.1464592370618432	  4.6597048325296582	
  1.7374999999999958	  0.9449299221255616	  3.1477361738775453	  4.7381871357724235	
  1.7499999999999958	  0.9364538764100960	  3.1492176407225920	  4.8181479882047631	
  1.7624999999999957	  0.9273925772280036	  3.1509183359074373	  4.8995932622080085	
  1.7749999999999957	  0.9177516876067047	  3.1528528207314586	  4.9825286048962498	
  1.7874999999999956	  0.9075372327984642	  3.1550355103826240	  5.0669594434227871	
  1.7999999999999956	  0.8967555965147913	  3.1574806649284719	  5.1528909905351918	
  1.8124999999999956	  0.8854135169368139	  3.1602023804040389	  5.2403282503769057	
  1.8249999999999955	  0.8735180825041211	  3.1632145800022999	  5.3292760245331561	
  1.8374999999999955	  0.8610767274847058	  3.1665310053726321	  5.4197389183188562	
  1.8499999999999954	  0.8480972273287756	  3.1701652080327363	  5.5117213473060023	
  1.8624999999999954	  0.8345876938093365	  3.1741305408993856	  5.6052275440879615	
  1.8749999999999953	  0.8205565699525857	  3.1784401499432922	  5.7002615652779118	
  1.8874999999999953	  0.8060126247612819	  3.1831069659733107	  5.7968272987385649	
  1.8999999999999952	  0.7909649477343912	  3.1881436965551093	  5.8949284710401813	
  1.9124999999999952	  0.7754229431864336	  3.1935628180693625	  5.9945686551437598	
  1.9249999999999952	  0.7593963243700795	  3.1993765679144248	  6.0957512783061674	
  1.9374999999999951	  0.7428951074056713	  3.2055969368583632	  6.1984796302038481	
  1.9499999999999951	  0.7259296050214613	  3.2122356615451255	  6.3027568712716420	
  1.9624999999999950	  0.7085104201084804	  3.2193042171595270	  6.4085860412531259	
  1.9749999999999950	  0.6906484390940647	  3.2268138102556403	  6.5159700679587766	
  1.9874999999999949	  0.6723548251381806	  3.2347753717530745	  6.6249117762281466	
  1.9999999999999949	  0.6536410111568018	  3.2431995501055120	  6.7354138970921413	
  2.0124999999999948	  0.6345186926766981	  3.2520967046457820	  6.8474790771313749	
  2.0249999999999950	  0.6149998205261000	  3.2614768991116230	  6.9611098880264892	
  2.0374999999999952	  0.5950965933658097	  3.2713498953561824	  7.0763088362962137	
  2.0499999999999954	  0.5748214500654238	  3.2817251472471867	  7.1930783732188557	
  2.0624999999999956	  0.5541870619294350	  3.2926117947585900	  7.3114209049328158	
  2.0749999999999957	  0.5332063247780683	  3.3040186582583986	  7.4313388027116316	
  2.0874999999999959	  0.5118923508878030	  3.3159542329962370	  7.5528344134089700	
  2.0999999999999961	  0.4902584607966176	  3.3284266837941034	  7.6759100700689027	
  2.1124999999999963	  0.4683181749790765	  3.3414438399436324	  7.8005681026967224	
  2.1249999999999964	  0.4460852053964646	  3.3550131903130520	  7.9268108491854772	
  2.1374999999999966	  0.4235734469272487	  3.3691418786668956	  8.0546406663933325	
  2.1499999999999968	  0.4007969686832218	  3.3838366992013924	  8.1840599413667938	
  2.1624999999999970	  0.3777700052167571	  3.3991040922983267	  8.3150711027047564	
  2.1749999999999972	  0.3545069476246681	  3.4149501405000189	  8.4476766320583021	
  2.1874999999999973	  0.3310223345542328	  3.4313805647079465	  8.5818790757610710	
  2.1999999999999975	  0.3073308431170051	  3.4484007206073772	  8.7176810565850147	
  2.2124999999999977	  0.2834472797160896	  3.4660155953202514	  8.8550852856162638	
  2.2249999999999979	  0.2593865707926142	  3.4842298042884043	  8.9940945742457963	
  2.2374999999999980	  0.2351637534971832	  3.5030475883890775	  9.1347118462695569	
  2.2499999999999982	  0.2107939662921405	  3.5224728112845183	  9.2769401500926296	
  2.2624999999999984	  0.1862924394905170	  3.5425089570073292	  9.4207826710320219	
  2.2749999999999986	  0.1616744857375740	  3.5631591277830732	  9.5662427437126016	
  2.2874999999999988	  0.1369554904408922	  3.5844260420914935	  9.7133238645506843	
  2.2999999999999989	  0.1121509021549869	  3.6063120329675660	  9.8620297043197365	
  2.3124999999999991	  0.0872762229264586	  3.6288190465434385	 10.0123641207926628	
  2.3249999999999993	  0.0623469986057132	  3.6519486408321735	 10.1643311714550908	
  2.3374999999999995	  0.0373788091313064	  3.6757019847540540	 10.3179351262840946	
  2.3499999999999996	  0.0123872587929840	  3.7000798574060556	 10.4731804805867359	
  2.3624999999999998	 -0.0126120335204952	  3.7250826475749506	 10.6300719678928495	
  2.3750000000000000	 -0.0376034440826616	  3.7507103534943389	 10.7886145728964493	
  2.3875000000000002	 -0.0625713540936585	  3.7769625828457651	 10.9488135444401582	
  2.4000000000000004	 -0.0875001594414881	  3.8038385530039163	 11.1106744085370703	
  2.4125000000000005	 -0.1123742804540768	  3.8313370915257483	 11.2742029814244322	
  2.4250000000000007	 -0.1371781716360665	  3.8594566368832370	 11.4394053826435957	
  2.4375000000000009	 -0.1618963313842461	  3.8881952394392947	 11.6062880481406498	
  2.4500000000000011	 -0.1865133116755517	  3.9175505626662401	 11.7748577433822099	
  2.4625000000000012	 -0.2110137277215809	  3.9475198846060651	 11.9451215764808367	
  2.4750000000000014	 -0.2353822675835868	  3.9781000995715807	 12.1170870113245837	
  2.4875000000000016	 -0.2596037017419433	  4.0092877200873822	 12.2907618807052366	
  2.5000000000000018	 -0.2836628926141010	  4.0410788790694196	 12.4661543994398034	
  2.5125000000000020	 -0.3075448040150849	  4.0734693322418094	 12.6432731774798661	
  2.5250000000000021	 -0.3312345105546221	  4.1064544607893811	 12.8221272330034708	
  2.5375000000000023	 -0.3547172069650256	  4.1400292742442977	 13.0027260054842344	
  2.5500000000000025	 -0.3779782173540057	  4.1741884136049459	 13.1850793687324526	
  2.5625000000000027	 -0.4010030043766253	  4.2089261546851491	 13.3691976439029929	
  2.5750000000000028	 -0.4237771783206677	  4.2442364116916087	 13.5550916124648531	
  2.5875000000000030	 -0.4462865060997386	  4.2801127410273363	 13.7427725291273113	
  2.6000000000000032	 -0.4685169201484812	  4.3165483453187035	 13.9322521347176576	
  2.6125000000000034	 -0.4904545272143467	  4.3535360776635885	 14.1235426690055821	
  2.6250000000000036	 -0.5120856170404240	  4.3910684460979690	 14.3166568834693404	
  2.6375000000000037	 -0.5333966709339035	  4.4291376182781654	 14.5116080539989127	
  2.6500000000000039	 -0.5543743702148189	  4.4677354263758096	 14.7084099935314612	
  2.6625000000000041	 -0.5750056045397873	  4.5068533721824817	 14.9070770646144304	
  2.6750000000000043	 -0.5952774800955460	  4.5464826324208252	 15.1076241918917855	
  2.6875000000000044	 -0.6151773276571642	  4.5866140642588160	 15.3100668745089106	
  2.7000000000000046	 -0.6346927105058944	  4.6272382110237427	 15.5144211984318261	
  2.7125000000000048	 -0.6538114322017151	  4.6683453081123298	 15.7207038486764574	
  2.7250000000000050	 -0.6725215442057064	  4.7099252890933059	 15.9289321214437951	
  2.7375000000000052	 -0.6908113533474957	  4.7519677919986032	 16.1391239361568921	
  2.7500000000000053	 -0.7086694291331059	  4.7944621657992581	 16.3512978473957382	
  2.7625000000000055	 -0.7260846108886400	  4.8373974770619670	 16.5654730567261694	
  2.7750000000000057	 -0.7430460147353354	  4.8807625167821334	 16.7816694244190927	
  2.7875000000000059	 -0.7595430403916315	  4.9245458073891379	 16.9999074810563755	
  2.8000000000000060	 -0.7755653777979974	  4.9687356099194551	 17.2202084390199452	
  2.8125000000000062	 -0.7911030135603803	  5.0133199313531280	 17.4425942038606721	
  2.8250000000000064	 -0.8061462372082475	  5.0582865321090251	 17.6670873855438231	
  2.8375000000000066	 -0.8206856472633111	  5.1036229336941847	 17.8937113095679088	
  2.8500000000000068	 -0.8347121571151420	  5.1493164265024731	 18.1224900279539547	
  2.8625000000000069	 -0.8482170007000027	  5.1953540777576821	 18.3534483301023172	
  2.8750000000000071	 -0.8611917379793472	  5.2417227395960975	 18.5866117535142905	
  2.8875000000000073	 -0.8736282602145672	  5.2884090572834923	 18.8220065943759067	
  2.9000000000000075	 -0.8855187950346854	  5.3353994775614053	 19.0596599180014721	
  2.9125000000000076	 -0.8968559112938310	  5.3826802571174914	 19.2995995691344966	
  2.9250000000000078	 -0.9076325237154593	  5.4302374711746486	 19.5418541821038545	
  2.9375000000000080	 -0.9178418973204152	  5.4780570221935561	 19.7864531908330896	
  2.9500000000000082	 -0.9274776516360717	  5.5261246486831803	 20.0334268387010326	
  2.9625000000000083	 -0.9365337646839134	  5.5744259341137461	 20.2828061882519251	
  2.9750000000000085	 -0.9450045767430729	  5.6229463159266011	 20.5346231307534985	
  2.9875000000000087	 -0.9528847938874682	  5.6716710946353466	 20.7889103956015120	
  3.0000000000000089	 -0.9601694912943293	  5.7205854430125376	 21.0457015595695154	
  3.0125000000000091	 -0.9668541163220484	  5.7696744153562207	 21.3050310559026457	
  3.0250000000000092	 -0.9729344913554285	  5.8189229568305141	 21.5669341832544923	
  3.0375000000000094	 -0.9784068164165525	  5.8683159128743902	 21.8314471144662257	
  3.0500000000000096	 -0.9832676715396413	  5.9178380386727856	 22.0986069051872747	
  3.0625000000000098	 -0.9875140189084179	  5.9674740086841149	 22.3684515023370984	
  3.0750000000000099	 -0.9911432047546385	  6.0172084262182359	 22.6410197524076580	
  3.0875000000000101	 -0.9941529610166076	  6.0670258330588780	 22.9163514096064311	
  3.1000000000000103	 -0.9965414067566390	  6.1169107191245278	 23.1944871438399396	
  3.1125000000000105	 -0.9983070493365769	  6.1668475321617224	 23.4754685485379220	
  3.1250000000000107	 -0.9994487853506413	  6.2168206874647014	 23.7593381483184700	
  3.1375000000000108	 -0.9999659013150183	  6.2668145776153379	 24.0461394064945786	
  3.1500000000000110	 -0.9998580741137596	  6.3168135822372697	 24.3359167324227599	
  3.1625000000000112	 -0.9991253712007165	  6.3668020777581189	 24.6287154886945210	
  3.1750000000000114	 -0.9977682505573799	  6.4167644471737173	 24.9245819981716537	
  3.1875000000000115	 -0.9957875604066534	  6.4666850898082222	 25.2235635508664870	
  3.2000000000000117	 -0.9931845386827386	  6.5165484310640283	 25.5257084106684040	
  3.2125000000000119	 -0.9899608122574635	  6.5663389321553804	 25.8310658219180631	
  3.2250000000000121	 -0.9861183959235377	  6.6160410998196069	 26.1396860158309785	
  3.2375000000000123	 -0.9816596911353699	  6.6656394959998968	 26.4516202167722518	
  3.2500000000000124	 -0.9765874845082348	  6.7151187474935821	 26.7669206483844171	
  3.2625000000000126	 -0.9709049460767268	  6.7644635555598835	 27.0856405395705337	
  3.2750000000000128	 -0.9646156273135894	  6.8136587054811191	 27.4078341303348019	
  3.2875000000000130	 -0.9577234589101586	  6.8626890760714039	 27.7335566774832074	
  3.3000000000000131	 -0.9502327483198074	  6.9115396491268921	 28.0628644601867627	
  3.3125000000000133	 -0.9421481770659256	  6.9601955188116600	 28.3958147854101774	
  3.3250000000000135	 -0.9334747978161192	  7.0086419009733607	 28.7324659932088835	
  3.3375000000000137	 -0.9242180312244570	  7.0568641423828335	 29.0728774618975514	
  3.3500000000000139	 -0.9143836625437373	  7.1048477298918851	 29.4171096130933414	
  3.3625000000000140	 -0.9039778380098925	  7.1525782995035305	 29.7652239166373569	
  3.3750000000000142	 -0.8930070610007922	  7.2000416453490130	 30.1172828953978673	
  3.3875000000000144	 -0.8814781879718435	  7.2472237285660039	 30.4733501299590692	
  3.4000000000000146	 -0.8693984241709301	  7.2941106860724245	 30.8334902631992769	
  3.4125000000000147	 -0.8567753191353674	  7.3406888392304115	 31.1977690047626375	
  3.4250000000000149	 -0.8436167619736893	  7.3869447023950139	 31.5662531354285392	
  3.4375000000000151	 -0.8299309764352126	  7.4328649913422709	 31.9390105113831204	
  3.4500000000000153	 -0.8157265157704637	  7.4784366315714088	 32.3161100683973856	
  3.4625000000000155	 -0.8010122573856775	  7.5236467664759710	 32.6976218259165918	
  3.4750000000000156	 -0.7857973972947094	  7.5684827653787661	 33.0836168910657307	
  3.4875000000000158	 -0.7700914443718296	  7.6129322314256180	 33.4741674625760552	
  3.5000000000000160	 -0.7539042144089886	  7.6569830093329880	 33.8693468346377671	
  3.5125000000000162	 -0.7372458239812707	  7.7006231929846187	 34.2692294006840896	
  3.5250000000000163	 -0.7201266841243679	  7.7438411328724577	 34.6738906571121390	
  3.5375000000000165	 -0.7025574938280255	  7.7866254433772069	 35.0834072069460774	
  3.5500000000000167	 -0.6845492333495266	  7.8289650098839552	 35.4978567634482403	
  3.5625000000000169	 -0.6661131573513941	  7.8708489957284353	 35.9173181536840076	
  3.5750000000000171	 -0.6472607878675984	  7.9122668489695753	 36.3418713220463374	
  3.5875000000000172	 -0.6280039071026672	  7.9532083089841041	 36.7715973337459872	
  3.6000000000000174	 -0.6083545500681976	  7.9936634128790951	 37.2065783782736688	
  3.6125000000000176	 -0.5883249970613728	  8.0336225017184333	 37.6468977728403118	
  3.6250000000000178	 -0.5679277659901830	  8.0730762265593246	 38.0926399658019577	
  3.6375000000000179	 -0.5471756045501487	  8.1120155542950645	 38.5438905400757648	
  3.6500000000000181	 -0.5260814822574338	  8.1504317733004239	 39.0007362165537685	
  3.6625000000000183	 -0.5046585823433294	  8.1883164988761159	 39.4632648575211533	
  3.6750000000000185	 -0.4829202935151722	  8.2256616784889420	 39.9315654700859497	
  3.6875000000000187	 -0.4608802015888482	  8.2624595968043515	 40.4057282096270285	
  3.7000000000000188	 -0.4385520809981103	  8.2987028805082570	 40.8858443832676102	
  3.7125000000000190	 -0.4159498861860164	  8.3343845029150998	 41.3720064533812959	
  3.7250000000000192	 -0.3930877428838677	  8.3694977883592863	 41.8643080411380666	
  3.7375000000000194	 -0.3699799392830988	  8.4040364163672443	 42.3628439300974691	
  3.7500000000000195	 -0.3466409171056349	  8.4379944256074939	 42.8677100698565496	
  3.7625000000000197	 -0.3230852625782991	  8.4713662176162750	 43.3790035797600240	
  3.7750000000000199	 -0.2993276973169083	  8.5041465602963804	 43.8968227526803432	
  3.7875000000000201	 -0.2753830691257573	  8.5363305911870384	 44.4212670588753582	
  3.8000000000000203	 -0.2512663427182382	  8.5679138205027670	 44.9524371499313560	
  3.8125000000000204	 -0.2269925903643971	  8.5988921339393318	 45.4904348627993613	
  3.8250000000000206	 -0.2025769824712717	  8.6292617952450339	 46.0353632239326558	
  3.8375000000000208	 -0.1780347781018967	  8.6590194485557266	 46.5873264535334357	
  3.8500000000000210	 -0.1533813154389033	  8.6881621204921036	 47.1464299699167810	
  3.8625000000000211	 -0.1286320021986712	  8.7166872220179474	 47.7127803940000135	
  3.8750000000000213	 -0.1038023060020259	  8.7445925500581723	 48.2864855539256297	
  3.8875000000000215	 -0.0789077447074979	  8.7718762888756601	 48.8676544898260943	
  3.9000000000000217	 -0.0539638767131848	  8.7985370112060153	 49.4563974587387207	
  3.9125000000000218	 -0.0289862912332793	  8.8245736791495411	 50.0528259396790816	
  3.9250000000000220	 -0.0039905985553382	  8.8499856448198759	 50.6570526388812183	
  3.9375000000000222	  0.0210075797156185	  8.8747726507488789	 51.2691914952131995	
  3.9500000000000224	  0.0459926204200801	  8.8989348300475264	 51.8893576857764245	
  3.9625000000000226	  0.0709489086079896	  8.9224727063226954	 52.5176676316971509	
  3.9750000000000227	  0.0958608472975556	  8.9453871933499123	 53.1542390041188924	
  3.9875000000000229	  0.1207128672228351	  8.9676795945022523	 53.7991907304040922	
  4.0000000000000231	  0.1454894365639935	  8.9893516019357573	 54.4526430005537847	
  4.0125000000000233	  0.1701750706541618	  9.0104052955318696	 55.1147172738538060	
  4.0250000000000234	  0.1947543416568236	  9.0308431415975559	 55.7855362857561374	
  4.0375000000000236	  0.2192118882076845	  9.0506679913239285	 56.4652240550040574	
  4.0500000000000238	  0.2435324250149984	  9.0698830790043203	 57.1539058910097779	
  4.0625000000000240	  0.2677007524123491	  9.0884920200129429	 57.8517084014931271	
  4.0750000000000242	  0.2917017658579197	  9.1064988085453695	 58.5587595003900248	
  4.0875000000000243	  0.3155204653743102	  9.1239078151222799	 59.2751884160393558	
  4.1000000000000245	  0.3391419649230056	  9.1407237838579984	 60.0011256996569031	
  4.1125000000000247	  0.3625515017076360	  9.1569518294955685	 60.7367032341050290	
  4.1250000000000249	  0.3857344454002120	  9.1725974342101768	 61.4820542429666617	
  4.1375000000000250	  0.4086763072845727	  9.1876664441829536	 62.2373132999322962	
  4.1500000000000252	  0.4313627493113292	  9.2021650659472858	 63.0026163385085596	
  4.1625000000000254	  0.4537795930586458	  9.2160998625099086	 63.7781006620569642	
  4.1750000000000256	  0.4759128285932589	  9.2294777492492255	 64.5639049541714201	
  4.1875000000000258	  0.4977486232261948	  9.2423059895933992	 65.3601692894030037	
  4.2000000000000259	  0.5192733301577152	  9.2545921904809276	 66.1670351443405877	
  4.2125000000000261	  0.5404734970060870	  9.2663442976065351	 66.9846454090557160	
  4.2250000000000263	  0.5613358742148474	  9.2775705904553494	 67.8131443989202438	
  4.2375000000000265	  0.5818474233333074	  9.2882796771284806	 68.6526778668051065	
  4.2500000000000266	  0.6019953251651222	  9.2984804889632091	 69.5033930156686779	
  4.2625000000000268	  0.6217669877798330	  9.3081822749511787	 70.3654385115429477	
  4.2750000000000270	  0.6411500543823744	  9.3173945959580546	 71.2389644969258597	
  4.2875000000000272	  0.6601324110356295	  9.3261273187482754	 72.1241226045880666	
  4.3000000000000274	  0.6787021942312057	  9.3343906098186267	 73.0210659718022299	
  4.3125000000000275	  0.6968477983037002	  9.3421949290444957	 73.9299492550030806	
  4.3250000000000277	  0.7145578826838214	  9.3495510231427623	 74.8509286448862525	
  4.3375000000000279	  0.7318213789858322	  9.3564699189554403	 75.7841618819539775	
  4.3500000000000281	  0.7486274979248885	  9.3629629165582369	 76.7298082725155695	
  4.3625000000000282	  0.7649657360599463	  9.3690415821983528	 77.6880287051505576	
  4.3750000000000284	  0.7808258823580262	  9.3747177410659397	 78.6589856676424546	
  4.3875000000000286	  0.7961980245757307	  9.3800034699037198	 79.6428432643907485	
  4.4000000000000288	  0.8110725554540282	  9.3849110894593952	 80.6397672343089909	
  4.4125000000000290	  0.8254401787224296	  9.3894531567855655	 81.6499249692164426	
  4.4250000000000291	  0.8392919149088077	  9.3936424573919588	 82.6734855327310783	
  4.4375000000000293	  0.8526191069512267	  9.3974919972548836	 83.7106196796711686	
  4.4500000000000295	  0.8654134256082747	  9.4010149946889037	 84.7614998759730582	
  4.4625000000000297	  0.8776668746645194	  9.4042248720857984	 85.8263003191324430	
  4.4750000000000298	  0.8893717959278314	  9.4071352475259893	 86.9051969591762656	
  4.4875000000000300	  0.9005208740154544	  9.4097599262676663	 87.9983675201726214	
  4.5000000000000302	  0.9111071409258291	  9.4121128921189303	 89.1059915222856205	
  4.5125000000000304	  0.9211239803933149	  9.4142082986983500	 90.2282503043823141	
  4.5250000000000306	  0.9305651320230873	  9.4160604605893941	 91.3653270471985053	
  4.5375000000000307	  0.9394246952036270	  9.4176838443942685	 92.5174067970704783	
  4.5500000000000309	  0.9476971327943551	  9.4190930596927362	 93.6846764902391840	
  4.5625000000000311	  0.9553772745861103	  9.4203028499115948	 94.8673249777337730	
  4.5750000000000313	  0.9624603205323055	  9.4213280831104917	 96.0655430508409296	
  4.5875000000000314	  0.9689418437487431	  9.4221837426898585	 97.2795234671665554	
  4.6000000000000316	  0.9748177932802169	  9.4228849180267549	 98.5094609772962428	
  4.6125000000000318	  0.9800844966321678	  9.4234467950444785	 99.7555523520607750	
  4.6250000000000320	  0.9847386620658150	  9.4238846467218469	101.0179964104130477	
  4.6375000000000322	  0.9887773806553258	  9.4242138235480599	102.2969940479223823	
  4.6500000000000323	  0.9921981281057389	  9.4244497439291290	103.5927482658924390	
  4.6625000000000325	  0.9949987663305051	  9.4246078845518610	104.9054642011085861	
  4.6750000000000327	  0.9971775447876602	  9.4247037707114156	106.2353491562207068	
  4.6875000000000329	  0.9987331015737939	  9.4247529666084819	107.5826126307671444	
  4.7000000000000330	  0.9996644642751317	  9.4247710656221440	108.9474663528455523	
  4.7125000000000332	  0.9999710505751974	  9.4247736805645133	110.3301243114362222	
  4.7250000000000334	  0.9996526686186777	  9.4247764339232116	111.7308027893834605	
  4.7375000000000336	  0.9987095171312591	  9.4247949480978086	113.1497203970403689	
  4.7500000000000338	  0.9971421852953648	  9.4248448356363141	114.5870981065824878	
  4.7625000000000339	  0.9949516523818679	  9.4249416894778300	116.0431592869954756	
  4.7750000000000341	  0.9921392871380107	  9.4251010732074505	117.5181297397420934	
  4.7875000000000343	  0.9887068469319140	  9.4253385113295209	119.0122377351134446	
  4.8000000000000345	  0.9846564766542096	  9.4256694795653004	120.5257140492696664	
  4.8125000000000346	  0.9799907073774833	  9.4261093951811361	122.0587920019748509	
  4.8250000000000348	  0.9747124547743662	  9.4266736073531519	123.6117074950311263	
  4.8375000000000350	  0.9688250172952625	  9.4273773875744968	125.1846990514166151	
  4.8500000000000352	  0.9623320741068532	  9.4282359201111472	126.7780078551320742	
  4.8625000000000353	  0.9552376827926629	  9.4292642925122152	128.3918777917606349	
  4.8750000000000355	  0.9475462768171288	  9.4304774861807097	130.0265554897453626	
  4.8875000000000357	  0.9392626627547549	  9.4318903670106327	131.6822903623890397	
  4.9000000000000359	  0.9303920172860837	  9.4335176760962600	133.3593346505805641	
  4.9125000000000361	  0.9209398839623633	  9.4353740205194256	135.0579434662522829	
  4.9250000000000362	  0.9109121697409311	  9.4374738642205536	136.7783748365725671	
  4.9375000000000364	  0.9003151412934802	  9.4398315189591528	138.5208897488777495	
  4.9500000000000366	  0.8891554210895144	  9.4424611353694186	140.2857521963476870	
  4.9625000000000368	  0.8774399832574412	  9.4453766941165291	142.0732292244288999	
  4.9750000000000369	  0.8651761492258885	  9.4485919971591716	143.8835909780093516	
  4.9875000000000371	  0.8523715831479686	  9.4521206591237501	145.7171107493488194	
  5.0000000000000373	  0.8390342871113502	  9.4559760987956754	147.5740650267688920	
  5.0125000000000375	  0.8251725961371315	  9.4601715307330423	149.4547335441062899	
  5.0250000000000377	  0.8107951729706394	  9.4647199570079490	151.3593993309333143	
  5.0375000000000378	  0.7959110026674119	  9.4696341590806075	153.2883487635494930	
  5.0500000000000380	  0.7805293869777450	  9.4749266898113316	155.2418716167477442	
  5.0625000000000382	  0.7646599385333159	  9.4806098656153939	157.2202611163591541	
  5.0750000000000384	  0.7483125748395141	  9.4866957587656504	159.2238139925796929	
  5.0875000000000385	  0.7314975120772351	  9.4931961898477475	161.2528305340827330	
  5.1000000000000387	  0.7142252587180119	  9.5001227203726248	163.3076146429210098	
  5.1125000000000389	  0.6965066089564722	  9.5074866455509337	165.3884738902213485	
  5.1250000000000391	  0.6783526359642280	  9.5152989872338782	167.4957195726760801	
  5.1375000000000393	  0.6597746849694122	  9.5235704870249069	169.6296667698343299	
  5.1500000000000394	  0.6407843661661882	  9.5323115995665351	171.7906344021971563	
  5.1625000000000396	  0.6213935474586632	  9.5415324860065276	173.9789452901196398	
  5.1750000000000398	  0.6016143470437403	  9.5512430076474857	176.1949262135237859	
  5.1875000000000400	  0.5814591258375448	  9.5614527197838459	178.4389079724255964	
  5.2000000000000401	  0.5609404797501579	  9.5721708657301097	180.7112254482799187	
  5.2125000000000403	  0.5400712318134863	  9.5834063710440578	183.0122176661465971	
  5.2250000000000405	  0.5188644241671857	  9.5951678379485497	185.3422278576815927	
  5.2375000000000407	  0.4973333099076501	  9.6074635399553951	187.7016035249563970	
  5.2500000000000409	  0.4754913448051576	  9.6203014166946641	190.0906965051096620	
  5.2625000000000410	  0.4533521788943509	  9.6336890689526555	192.5098630358344565	
  5.2750000000000412	  0.4309296479433077	  9.6476337539216388	194.9594638217048725	
  5.2875000000000414	  0.4082377648065338	  9.6621423806643207	197.4398641013457620	
  5.3000000000000416	  0.3852907106672800	  9.6772215057958899	199.9514337154492125	
  5.3125000000000417	  0.3621028261746596	  9.6928773293863326	202.4945471756415714	
  5.3250000000000419	  0.3386886024811031	  9.7091156910855609	205.0695837342049686	
  5.3375000000000421	  0.3150626721857521	  9.7259420664738094	207.6769274546571751	
  5.3500000000000423	  0.2912398001894530	  9.7433615636395530	210.3169672831936339	
  5.3625000000000425	  0.2672348744670643	  9.7613789199870968	212.9900971209957845	
  5.3750000000000426	  0.2430628967628468	  9.7799984992758358	215.6967158974098595	
  5.3875000000000428	  0.2187389732147492	  9.7992242888930221	218.4372276440001599	
  5.4000000000000430	  0.1942783049134508	  9.8190598973617558	221.2120415694810731	
  5.4125000000000432	  0.1696961784020603	  9.8395085520857588	224.0215721355323240	
  5.4250000000000433	  0.1450079561224082	  9.8605730973323222	226.8662391335016650	
  5.4375000000000435	  0.1202290668139036	  9.8822559924547164	229.7464677619996678	
  5.4500000000000437	  0.0953749958709569	  9.9045593103551504	232.6626887053912469	
  5.4625000000000439	  0.0704612756649922	  9.9274847361892462	235.6153382131885223	
  5.4750000000000441	  0.0455034758371008	  9.9510335663128568	238.6048581803499928	
  5.4875000000000442	  0.0205171935673997	  9.9752067074718518	241.6316962284910232	
  5.5000000000000444	 -0.0044819561728215	 10.0000046762354113	244.6963057880104770	
  5.5125000000000446	 -0.0294783503800737	 10.0254275986731596	247.7991461811389513	
  5.5250000000000448	 -0.0544563677826638	 10.0514752102763492	250.9406827059140426	
  5.5375000000000449	 -0.0794003986036077	 10.0781468561231442	254.1213867210877595	
  5.5500000000000451	 -0.1042948543163625	 10.1054414912878983	257.3417357319721077	
  5.5625000000000453	 -0.1291241773872784	 10.1333576814941679	260.6022134772284176	
  5.5750000000000455	 -0.1538728509986826	 10.1618936040110626	263.9033100166064969	
  5.5875000000000457	 -0.1785254087465187	 10.1910470487923632	267.2455218196395776	
  5.6000000000000458	 -0.2030664443064810	 10.2208154198576988	270.6293518553015360	
  5.6125000000000460	 -0.2274806210626023	 10.2511957369149194	274.0553096826326396	
  5.6250000000000462	 -0.2517526816922774	 10.2821846372226471	277.5239115423404996	
  5.6375000000000464	 -0.2758674577017331	 10.3137783776918539	281.0356804493832783	
  5.6500000000000465	 -0.2998098789059846	 10.3459728372251316	284.5911462865418002	
  5.6625000000000467	 -0.3235649828473535	 10.3787635192922156	288.1908458989881865	
  5.6750000000000469	 -0.3471179241466615	 10.4121455547401336	291.8353231898580020	
  5.6875000000000471	 -0.3704539837812562	 10.4461137048362325	295.5251292168338750	
  5.7000000000000473	 -0.3935585782840685	 10.4806623645421801	299.2608222897482619	
  5.7125000000000474	 -0.4164172688579559	 10.5157855660168948	303.0429680692136571	
  5.7250000000000476	 -0.4390157703996321	 10.5514769823462178	306.8721396662880352	
  5.7375000000000478	 -0.4613399604275454	 10.5877299314969857	310.7489177431847907	
  5.7500000000000480	 -0.4833758879081257	 10.6245373804930487	314.6738906150350203	
  5.7625000000000481	 -0.5051097819748839	 10.6618919498106131	318.6476543527120953	
  5.7750000000000483	 -0.5265280605349149	 10.6997859179901553	322.6708128867271625	
  5.7875000000000485	 -0.5476173387574248	 10.7382112264620488	326.7439781122051841	
  5.8000000000000487	 -0.5683644374389785	 10.7771594845828638	330.8677699949514590	
  5.8125000000000488	 -0.5887563912402380	 10.8166219748791992	335.0428166786185784	
  5.8250000000000490	 -0.6087804567890457	 10.8565896584957802	339.2697545929839862	
  5.8375000000000492	 -0.6284241206447865	 10.8970531808443987	343.5492285633490610	
  5.8500000000000494	 -0.6476751071190532	 10.9380028774501827	347.8818919210702347	
  5.8625000000000496	 -0.6665213859477267	 10.9794287799915331	352.2684066152335163	
  5.8750000000000497	 -0.6849511798096755	 11.0213206225299469	356.7094433254837327	
  5.8875000000000499	 -0.7029529716873770	 11.0636678479258510	361.2056815760205950	
  5.9000000000000501	 -0.7205155120648600	 11.1064596144364138	365.7578098507730715	
  5.9125000000000503	 -0.7376278259584688	 11.1496848024912367	370.3665257097649715	
  5.9250000000000504	 -0.7542792197760575	 11.1933320216416661	375.0325359066841884	
  5.9375000000000506	 -0.7704592880003246	 11.2373896176794013	379.7565565076685061	
  5.9500000000000508	 -0.7861579196921140	 11.2818456799199396	384.5393130113216102	
  5.9625000000000510	 -0.8013653048096159	 11.3266880486463126	389.3815404699728333	
  5.9750000000000512	 -0.8160719403395197	 11.3719043227084526	394.2839836121945041	
  5.9875000000000513	 -0.8302686362362866	 11.4174818672734535	399.2473969665913387	
  6.0000000000000515	 -0.8439465211658299	 11.4634078217218658	404.2725449868767669	
  6.0125000000000517	 -0.8570970480500146	 11.5096691076851094	409.3602021782510292	
  6.0250000000000519	 -0.8697119994085091	 11.5562524372189639	414.5111532250965070	
  6.0375000000000520	 -0.8817834924946527	 11.6031443211080347	419.7261931200061440	
  6.0500000000000522	 -0.8933039842221283	 11.6503310772960162	425.0061272941609332	
  6.0625000000000524	 -0.9042662758793607	 11.6977988394364587	430.3517717490731798	
  6.0750000000000526	 -0.9146635176286955	 11.7455335655587199	435.7639531897123675	
  6.0875000000000528	 -0.9244892127875457	 11.7935210468436704	441.2435091590310208	
  6.1000000000000529	 -0.9337372218888315	 11.8417469165036717	446.7912881739079580	
  6.1125000000000531	 -0.9424017665181743	 11.8901966587612833	452.4081498625271820	
  6.1250000000000533	 -0.9504774329254486	 11.9388556179210745	458.0949651032111092	
  6.1375000000000535	 -0.9579591754084330	 11.9877090075288848	463.8526161647264985	
  6.1500000000000536	 -0.9648423194664469	 12.0367419196128012	469.6819968480827470	
  6.1625000000000538	 -0.9711225647220018	 12.0859393340000789	475.5840126298422774	
  6.1750000000000540	 -0.9767959876086405	 12.1352861277041786	481.5595808069627424	
  6.1875000000000542	 -0.9818590438232860	 12.1847670843760643	487.6096306431919061	
  6.2000000000000544	 -0.9863085705415658	 12.2343669038138465	493.7351035170362366	
  6.2125000000000545	 -0.9901417883947282	 12.2840702115248206	499.9369530713241261	
  6.2250000000000547	 -0.9933563032069154	 12.3338615683339476	506.2161453643861933	
  6.2375000000000549	 -0.9959501074917062	 12.3837254800327425	512.5736590228744944	
  6.2500000000000551	 -0.9979215817069954	 12.4336464070625716	519.0104853962432117	
  6.2625000000000552	 -0.9992694952674230	 12.4836087742262745	525.5276287129147477	
  6.2750000000000554	 -0.9999930073137232	 12.5335969804220628	532.1261062381540796	
  6.2875000000000556	 -1.0000916672385098	 12.5835954083936183	538.8069484336755295	
  6.3000000000000558	 -0.9995654149681726	 12.6335884344902674	545.5711991190066783	
  6.3125000000000560	 -0.9984145810007051	 12.6835604384311598	552.4199156346348900	
  6.3250000000000561	 -0.9966398861994428	 12.7334958130673446	559.3541690069604329	
  6.3375000000000563	 -0.9942424413428393	 12.7833789741356192	566.3750441150840516	
  6.3500000000000565	 -0.9912237464305637	 12.8331943699980968	573.4836398594540015	
  6.3625000000000567	 -0.9875856897463496	 12.8829264913613635	580.6810693323998294	
  6.3750000000000568	 -0.9833305466781856	 12.9325598809691833	587.9684599905802997	
  6.3875000000000570	 -0.9784609782965812	 12.9820791432626716	595.3469538293737742	
  6.4000000000000572	 -0.9729800296917983	 13.0314689540019089	602.8177075592385563	
  6.4125000000000574	 -0.9668911280710883	 13.0807140698429816	610.3818927840726474	
  6.4250000000000576	 -0.9601980806171225	 13.1297993378644691	618.0406961816022431	
  6.4375000000000577	 -0.9529050721089543	 13.1787097050374076	625.7953196858285310	
  6.4500000000000579	 -0.9450166623070017	 13.2274302276328299	633.6469806715632558	
  6.4625000000000581	 -0.9365377831036832	 13.2759460805609955	641.5969121410844309	
  6.4750000000000583	 -0.9274737354414877	 13.3242425666364603	649.6463629129426636	
  6.4875000000000584	 -0.9178301860004057	 13.3723051257632299	657.7965978129507221	
  6.5000000000000586	 -0.9076131636567908	 13.4201193440342124	666.0488978673886322	
  6.5125000000000588	 -0.8968290557158662	 13.4676709627393212	674.4045604984571582	
  6.5250000000000590	 -0.8854846039202294	 13.5149458872765784	682.8648997220127512	
  6.5375000000000592	 -0.8735869002368502	 13.5619301959606489	691.4312463476192079	
  6.5500000000000593	 -0.8611433824251958	 13.6086101487233133	700.1049481809488952	
  6.5625000000000595	 -0.8481618293892520	 13.6549721957004238	708.8873702285703757	
  6.5750000000000597	 -0.8346503563163453	 13.7010029857000024	717.7798949051565387	
  6.5875000000000599	 -0.8206174096058048	 13.7466893745461540	726.7839222431503003	
  6.6000000000000600	 -0.8060717615906330	 13.7920184332936167	735.9008701049244792	
  6.6125000000000602	 -0.7910225050554842	 13.8369774563077819	745.1321743974729088	
  6.6250000000000604	 -0.7754790475543771	 13.8815539692051662	754.4792892896706462	
  6.6375000000000606	 -0.7594511055316926	 13.9257357366493437	763.9436874321419282	
  6.6500000000000608	 -0.7429486982501307	 13.9695107699974859	773.5268601797746442	
  6.6625000000000609	 -0.7259821415294225	 14.0128673347927233	783.2303178169203193	
  6.6750000000000611	 -0.7085620412997100	 14.0557939580976434	793.0555897853211036	
  6.6875000000000613	 -0.6906992869736215	 14.0982794356643524	803.0042249148025348	
  6.7000000000000615	 -0.6724050446411871	 14.1403128389365982	813.0777916567750481	
  6.7125000000000616	 -0.6536907500918456	 14.1818835218796178	823.2778783205849322	
  6.7250000000000618	 -0.6345681016679050	 14.2229811276333837	833.6060933127571388	
  6.7375000000000620	 -0.6150490529539221	 14.2635955949851496	844.0640653791739396	
  6.7500000000000622	 -0.5951458053065708	 14.3037171646572130	854.6534438502314970	
  6.7625000000000624	 -0.5748708002296683	 14.3433363854059692	865.3758988890198225	
  6.7750000000000625	 -0.5542367115991229	 14.3824441199284720	876.2331217425698924	
  6.7875000000000627	 -0.5332564377426647	 14.4210315505727582	887.2268249962139635	
  6.8000000000000629	 -0.5119430933793079	 14.4590901848484332	898.3587428311044505	
  6.8125000000000631	 -0.4903100014235826	 14.4966118607340100	909.6306312849382039	
  6.8250000000000632	 -0.4683706846596589	 14.5335887517777298	921.0442685159334815	
  6.8375000000000634	 -0.4461388572905656	 14.5700133719886544	932.6014550701067947	
  6.8500000000000636	 -0.4236284163677866	 14.6058785805149771	944.3040141518986275	
  6.8625000000000638	 -0.4008534331065901	 14.6411775861066324	956.1537918981969142	
  6.8750000000000639	 -0.3778281440925185	 14.6759039513594178	968.1526576558070474	
  6.8875000000000641	 -0.3545669423845357	 14.7100515967379604	980.3025042624200296	
  6.9000000000000643	 -0.3310843685203906	 14.7436148043750315	992.6052483311286778	
  6.9125000000000645	 -0.3073951014298204	 14.7765882216448325	1005.0628305385430394	
  6.9250000000000647	 -0.2835139492612696	 14.8089668645080010	1017.6772159165585663	
  6.9375000000000648	 -0.2594558401278617	 14.8407461206262674	1030.4503941478283195	
  6.9500000000000650	 -0.2352358127784039	 14.8719217522448073	1043.3843798649932069	
  6.9625000000000652	 -0.2108690071992567	 14.9024898988404964	1056.4812129537244800	
  6.9750000000000654	 -0.1863706551529423	 14.9324470795343789	1069.7429588596330632	
  6.9875000000000655	 -0.1617560706594039	 14.9617901952668930	1083.1717088991008495	
  7.0000000000000657	 -0.1370406404258663	 14.9905165307344728	1096.7695805740900141	
  7.0125000000000659	 -0.1122398142312771	 15.0186237560862832	1110.5387178909868453	
  7.0250000000000661	 -0.0873690952713401	 15.0461099283800834	1124.4812916835385295	
  7.0375000000000663	 -0.0624440304701737	 15.0729734927962635	1138.5994999399395056	
  7.0500000000000664	 -0.0374802007646494	 15.0992132836093322	1152.8955681341265063	
  7.0625000000000666	 -0.0124932113674833	 15.1248285249162162	1167.3717495613416304	
  7.0750000000000668	  0.0125013179848350	 15.1498188311209283	1182.0303256780241554	
  7.0875000000000670	  0.0374877627931808	 15.1741842071753226	1196.8736064460911166	
  7.1000000000000671	  0.0624505035598988	 15.1979250485757404	1211.9039306816673616	
  7.1125000000000673	  0.0873739355497730	 15.2210421411155981	1227.1236664083291998	
  7.1250000000000675	  0.1122424785417601	 15.2435366603940263	1242.5352112149230379	
  7.1375000000000677	  0.1370405865653921	 15.2654101710809176	1258.1409926180222101	
  7.1500000000000679	  0.1617527576157632	 15.2866646259387817	1273.9434684290872610	
  7.1625000000000680	  0.1863635433410297	 15.3073023646020872	1289.9451271263942544	
  7.1750000000000682	  0.2108575586963677	 15.3273261121147808	1306.1484882317970460	
  7.1875000000000684	  0.2352194915583553	 15.3467389772269698	1322.5561026923890040	
  7.2000000000000686	  0.2594341122937705	 15.3655444504517700	1339.1705532671321635	
  7.2125000000000687	  0.2834862832768247	 15.3837464018835721	1355.9944549185215692	
  7.2250000000000689	  0.3073609683488833	 15.4013490787790808	1373.0304552093539314	
  7.2375000000000691	  0.3310432422147618	 15.4183571029026254	1390.2812347046685773	
  7.2500000000000693	  0.3545182997697237	 15.4347754676374276	1407.7495073789318667	
  7.2625000000000695	  0.3777714653513527	 15.4506095348646060	1425.4380210285360135	
  7.2750000000000696	  0.4007882019105156	 15.4658650316118713	1443.3495576896839339	
  7.2875000000000698	  0.4235541200956846	 15.4805480464740217	1461.4869340617321996	
  7.3000000000000700	  0.4460549872449417	 15.4946650258074694	1479.8530019360653114	
  7.3125000000000702	  0.4682767362800445	 15.5082227697011685	1498.4506486305763246	
  7.3250000000000703	  0.4902054744969963	 15.5212284277264612	1517.2827974298270419	
  7.3375000000000705	  0.5118274922476246	 15.5336894944685220	1536.3524080309650799	
  7.3500000000000707	  0.5331292715067437	 15.5456138048421604	1555.6624769954730709	
  7.3625000000000709	  0.5540974943195465	 15.5570095291949251	1575.2160382068277613	
  7.3750000000000711	  0.5747190511239451	 15.5678851682005792	1595.0161633341469951	
  7.3875000000000712	  0.5949810489426607	 15.5782495475461182	1615.0659623019041646	
  7.4000000000000714	  0.6148708194399414	 15.5881118124156703	1635.3685837657883440	
  7.4125000000000716	  0.6343759268378725	 15.5974814217747095	1655.9272155947926422	
  7.4250000000000718	  0.6534841756873330	 15.6063681424581571	1676.7450853596110392	
  7.4375000000000719	  0.6721836184887400	 15.6147820430660875	1697.8254608274260136	
  7.4500000000000721	  0.6904625631578190	 15.6227334876708124	1719.1716504631717726	
  7.4625000000000723	  0.7083095803317339	 15.6302331293393202	1740.7870039373553936	
  7.4750000000000725	  0.7257135105110103	 15.6372919034750932	1762.6749126405213701	
  7.4875000000000727	  0.7426634710327885	 15.6439210209834538	1784.8388102044468724	
  7.5000000000000728	  0.7591488628710479	 15.6501319612647549	1807.2821730301523075	
  7.5125000000000730	  0.7751593772595529	 15.6559364650397352	1830.0085208228172178	
  7.5250000000000732	  0.7906850021333806	 15.6613465270115721	1853.0214171336892832	
  7.5375000000000734	  0.8057160283850049	 15.6663743883691939	1876.3244699090751055	
  7.5500000000000735	  0.8202430559310266	 15.6710325291365287	1899.9213320465059951	
  7.5625000000000737	  0.8342569995857575	 15.6753336603725089	1923.8157019581681197	
  7.5750000000000739	  0.8477490947379880	 15.6792907162266637	1948.0113241416900109	
  7.5875000000000741	  0.8607109028273903	 15.6829168458552850	1972.5119897583820148	
  7.6000000000000743	  0.8731343166171340	 15.6862254052032100	1997.3215372190225025	
  7.6125000000000744	  0.8850115652594188	 15.6892299486563793	2022.4438527772840644	
  7.6250000000000746	  0.8963352191507581	 15.6919442205703525	2047.8828711308992752	
  7.6375000000000748	  0.9070981945739794	 15.6943821466801037	2073.6425760306624397	
  7.6500000000000750	  0.9172937581240403	 15.6965578253964502	2099.7270008973655422	
  7.6625000000000751	  0.9269155309148924	 15.6984855189945520	2126.1402294467698084	
  7.6750000000000753	  0.9359574925647657	 15.7001796447000199	2152.8863963227117893	
  7.6875000000000755	  0.9444139849573814	 15.7016547656781533	2179.9696877384494655	
  7.7000000000000757	  0.9522797157767426	 15.7029255819319715	2207.3943421263456912	
  7.7125000000000759	  0.9595497618132938	 15.7040069211147220	2235.1646507959999326	
  7.7250000000000760	  0.9662195720393812	 15.7049137292626142	2263.2849586009283485	
  7.7375000000000762	  0.9722849704520947	 15.7056610614535437	2291.7596646139027143	
  7.7500000000000764	  0.9777421586817104	 15.7062640723976710	2320.5932228110536926	
  7.7625000000000766	  0.9825877183641073	 15.7067380069657183	2349.7901427648462231	
  7.7750000000000767	  0.9868186132756720	 15.7070981906609486	2379.3549903460420865	
  7.7875000000000769	  0.9904321912293597	 15.7073600200406958	2409.2923884347542298	
  7.8000000000000771	  0.9934261857307234	 15.7075389530935059	2439.6070176407115468	
  7.8125000000000773	  0.9957987173928787	 15.7076504995778805	2470.3036170328441585	
  7.8250000000000774	  0.9975482951095178	 15.7077102113286475	2501.3869848783060661	
  7.8375000000000776	  0.9986738169852398	 15.7077336725370458	2532.8619793910506814	
  7.8500000000000778	  0.9991745710226169	 15.7077364900105714	2564.7335194900770148	
  7.8625000000000780	  0.9990502355655643	 15.7077342834186648	2597.0065855674661179	
  7.8750000000000782	  0.9983008794987389	 15.7077426755303939	2629.6862202663273820	
  7.8875000000000783	  0.9969269622028408	 15.7077772824501540	2662.7775292687783804	
  7.9000000000000785	  0.9949293332658447	 15.7078537038575305	2696.2856820940764919	
  7.9125000000000787	  0.9923092319503420	 15.7079875132574447	2730.2159129070337258	
  7.9250000000000789	  0.9890682864173272	 15.7081942482466204	2764.5735213368352561	
  7.9375000000000790	  0.9852085127069112	 15.7084894008025113	2799.3638733063894506	
  7.9500000000000792	  0.9807323134766001	 15.7088884076006980	2834.5924018723421796	
  7.9625000000000794	  0.9756424764979265	 15.7094066403668702	2870.2646080758813696	
  7.9750000000000796	  0.9699421729123739	 15.7100593962693704	2906.3860618044650437	
  7.9875000000000798	  0.9636349552476824	 15.7108618883583375	2942.9624026646069979	
  8.0000000000000799	  0.9567247551957758	 15.7118292360574277	2979.9993408658533554	
  8.0125000000000792	  0.9492158811536990	 15.7129764557139886	3017.5026581160877868	
  8.0250000000000785	  0.9411130155291016	 15.7143184512137157	3055.4782085283031847	
  8.0375000000000778	  0.9324212118119507	 15.7158700046655024	3093.9319195389784909	
  8.0500000000000771	  0.9231458914143037	 15.7176457671624537	3132.8697928382016471	
  8.0625000000000764	  0.9132928402801159	 15.7196602496247468	3172.2979053116832802	
  8.0750000000000757	  0.9028682052672005	 15.7219278137300833	3212.2224099948048206	
  8.0875000000000750	  0.8918784903036017	 15.7244626629374160	3252.6495370388470292	
  8.1000000000000743	  0.8803305523207844	 15.7272788336095406	3293.5855946895453599	
  8.1125000000000735	  0.8682315969661798	 15.7303901862401005	3335.0369702781263186	
  8.1250000000000728	  0.8555891740977665	 15.7338103967905134	3377.0101312249712464	
  8.1375000000000721	  0.8424111730635034	 15.7375529481421879	3419.5116260560644150	
  8.1500000000000714	  0.8287058177685637	 15.7416311216694247	3462.5480854323786843	
  8.1625000000000707	  0.8144816615334509	 15.7460579889382171	3506.1262231923565196	
  8.1750000000000700	  0.7997475817462134	 15.7508464035361921	3550.2528374076446198	
  8.1875000000000693	  0.7845127743120955	 15.7560089930387406	3594.9348114522449578	
  8.2000000000000686	  0.7687867479040965	 15.7615581511164233	3640.1791150852409373	
  8.2125000000000679	  0.7525793180180285	 15.7675060297885157	3685.9928055472673805	
  8.2250000000000671	  0.7359006008357892	 15.7738645318275932	3732.3830286708880521	
  8.2375000000000664	  0.7187610069006842	 15.7806453033198402	3779.3570200050539825	
  8.2500000000000657	  0.7011712346087501	 15.7878597263857969	3826.9221059538053851	
  8.2625000000000650	  0.6831422635201468	 15.7955189120660702	3875.0857049293981618	
  8.2750000000000643	  0.6646853474947997	 15.8036336933764279	3923.8553285200268874	
  8.2875000000000636	  0.6458120076565780	 15.8122146185366432	3973.2385826723179889	
  8.3000000000000629	  0.6265340251904096	 15.8212719443773295	4023.2431688887777455	
  8.3125000000000622	  0.6068634339768314	 15.8308156299288445	4073.8768854403751902	
  8.3250000000000615	  0.5868125130685784	 15.8408553301963284	4125.1476285944390838	
  8.3375000000000608	  0.5663937790139127	 15.8514003901247111	4177.0633938580622271	
  8.3500000000000600	  0.5456199780314904	 15.8624598387574913	4229.6322772371968313	
  8.3625000000000593	  0.5245040780416553	 15.8740423835929505	4282.8624765116310300	
  8.3750000000000586	  0.5030592605591402	 15.8861564051412714	4336.7622925260420743	
  8.3875000000000579	  0.4812989124522412	 15.8988099516860419	4391.3401304973212973	
  8.4000000000000572	  0.4592366175736150	 15.9120107342533252	4446.6045013383663900	
  8.4125000000000565	  0.4368861482679298	 15.9257661217915576	4502.5640229985428959	
  8.4250000000000558	  0.4142614567616755	 15.9400831365651552	4559.2274218210195613	
  8.4375000000000551	  0.3913766664405148	 15.9549684497647970	4616.6035339171794476	
  8.4500000000000544	  0.3682460630196256	 15.9704283773371305	4674.7013065583159914	
  8.4625000000000536	  0.3448840856125529	 15.9864688760364491	4733.5297995848250139	
  8.4750000000000529	  0.3213053177041505	 16.0030955397008263	4793.0981868331073201	
  8.4875000000000522	  0.2975244780332542	 16.0203135957550806	4853.4157575803956206	
  8.5000000000000515	  0.2735564113907838	 16.0381279019427012	4914.4919180077213241	
  8.5125000000000508	  0.2494160793390242	 16.0565429432887896	4976.3361926812540332	
  8.5250000000000501	  0.2251185508578851	 16.0755628292959578	5038.9582260522211072	
  8.5375000000000494	  0.2006789929239852	 16.0951912913748600	5102.3677839756519461	
  8.5500000000000487	  0.1761126610284462	 16.1154316805110014	5166.5747552481625462	
  8.5625000000000480	  0.1514348896393252	 16.1362869651693615	5231.5891531650204342	
  8.5750000000000473	  0.1266610826146422	 16.1577597294379380	5297.4211170967264479	
  8.5875000000000465	  0.1018067035719952	 16.1798521714115751	5364.0809140853489225	
  8.6000000000000458	  0.0768872662207820	 16.2025661018170517	5431.5789404608531186	
  8.6125000000000451	  0.0519183246630685	 16.2259029428801185	5499.9257234776714540	
  8.6250000000000444	  0.0269154636691640	 16.2498637274354110	5569.1319229717655617	
  8.6375000000000437	  0.0018942889339828	 16.2744490982797139	5639.2083330384220972	
  8.6500000000000430	 -0.0231295826797209	 16.2996593077688878	5710.1658837310505987	
  8.6625000000000423	 -0.0481405329051481	 16.3254942176588713	5782.0156427812262336	
  8.6750000000000416	 -0.0731229518361773	 16.3519532991907255	5854.7688173402539178	
  8.6875000000000409	 -0.0980612476869135	 16.3790356334197291	5928.4367557425057385	
  8.7000000000000401	 -0.1229398565399639	 16.4067399117883319	6003.0309492908036191	
  8.7125000000000394	 -0.1477432520773502	 16.4350644369425574	6078.5630340641237126	
  8.7250000000000387	 -0.1724559552879749	 16.4640071237913759	6155.0447927478908241	
  8.7375000000000380	 -0.1970625441455762	 16.4935655008084048	6232.4881564871402588	
  8.7500000000000373	 -0.2215476632511256	 16.5237367115750509	6310.9052067628381337	
  8.7625000000000366	 -0.2458960334336386	 16.5545175165642320	6390.3081772916366390	
  8.7750000000000359	 -0.2700924613034043	 16.5859042951634628	6470.7094559493561974	
  8.7875000000000352	 -0.2941218487516591	 16.6178930479361249	6552.1215867184910167	
  8.8000000000000345	 -0.3179692023907724	 16.6504793991194049	6634.5572716600308922	
  8.8125000000000338	 -0.3416196429290432	 16.6836585993575035	6718.0293729099003031	
  8.8250000000000330	 -0.3650584144742488	 16.7174255286682225	6802.5509147003222097	
  8.8375000000000323	 -0.3882708937601340	 16.7517746996411603	6888.1350854064121449	
  8.8500000000000316	 -0.4112425992900742	 16.7867002608655937	6974.7952396183172823	
  8.8625000000000309	 -0.4339592003921985	 16.8221960005857305	7062.5449002392151669	
  8.8750000000000302	 -0.4564065261803154	 16.8582553505811958	7151.3977606094958901	
  8.8875000000000295	 -0.4785705744150405	 16.8948713902702394	7241.3676866574487576	
  8.9000000000000288	 -0.5004375202595910	 16.9320368510332173	7332.4687190767845095	
  8.9125000000000281	 -0.5219937249247727	 16.9697441207534290	7424.7150755313277841	
  8.9250000000000274	 -0.5432257441977610	 17.0079852485727301	7518.1211528872154304	
  8.9375000000000266	 -0.5641203368493444	 17.0467519498587450	7612.7015294729444577	
  8.9500000000000259	 -0.5846644729143771	 17.0860356113806802	7708.4709673676125021	
  8.9625000000000252	 -0.6048453418402685	 17.1258272966904670	7805.4444147177082414	
  8.9750000000000245	 -0.6246503604984160	 17.1661177517058974	7903.6370080828028222	
  8.9875000000000238	 -0.6440671810535760	 17.2068974104922177	8003.0640748105024613	
  9.0000000000000231	 -0.6630836986862556	 17.2481564012385817	8103.7411354410287458	
  9.0125000000000224	 -0.6816880591633010	 17.2898845524257467	8205.6839061417977064	
  9.0250000000000217	 -0.6998686662519493	 17.3320713991808901	8308.9083011723669188	
  9.0375000000000210	 -0.7176141889727151	 17.3747061898158002	8413.4304353801362595	
  9.0500000000000203	 -0.7349135686865771	 17.4177778925443967	8519.2666267271833931	
  9.0625000000000195	 -0.7517560260120366	 17.4612752023750915	8626.4333988486232556	
  9.0750000000000188	 -0.7681310675677288	 17.5051865481739526	8734.9474836428835260	
  9.0875000000000181	 -0.7840284925363700	 17.5495000998942636	8844.8258238943053584	
  9.1000000000000174	 -0.7994383990459427	 17.5942037759676460	8956.0855759284586384	
  9.1125000000000167	 -0.8143511903641307	 17.6392852508525522	9068.7441123005955887	
  9.1250000000000160	 -0.8287575809021327	 17.6847319627351212	9182.8190245176501776	
  9.1375000000000153	 -0.8426486020241051	 17.7305311213775951	9298.3281257942089724	
  9.1500000000000146	 -0.8560156076586040	 17.7766697161096197	9415.2894538428718079	
  9.1625000000000139	 -0.8688502797085197	 17.8231345239571297	9533.7212736994424631	
  9.1750000000000131	 -0.8811446332561245	 17.8699121179040077	9653.6420805833804479	
  9.1875000000000124	 -0.8928910215599816	 17.9169888752810493	9775.0706027939650085	
  9.2000000000000117	 -0.9040821408405947	 17.9643509862774557	9898.0258046426060901	
  9.2125000000000110	 -0.9147110348518065	 18.0119844625689147	10022.5268894217697380	
  9.2250000000000103	 -0.9247710992350917	 18.0598751460575002	10148.5933024109745020	
  9.2375000000000096	 -0.9342560856540244	 18.1080087177175137	10276.2447339203154115	
  9.2500000000000089	 -0.9431601057063366	 18.1563707065417788	10405.5011223720121052	
  9.2625000000000082	 -0.9514776346111252	 18.2049464985831051	10536.3826574204267672	
  9.2750000000000075	 -0.9592035146689029	 18.2537213460848236	10668.9097831110648258	
  9.2875000000000068	 -0.9663329584923339	 18.3026803766950543	10803.1032010790368076	
  9.3000000000000060	 -0.9728615520056345	 18.3518086027587657	10938.9838737874742947	
  9.3125000000000053	 -0.9787852572107670	 18.4010909306818107	11076.5730278064129379	
  9.3250000000000046	 -0.9841004147186986	 18.4505121703612716	11215.8921571326518460	
  9.3375000000000039	 -0.9888037460441437	 18.5000570446758950	11356.9630265510986646	
  9.3500000000000032	 -0.9928923556623602	 18.5497101990310078	11499.8076750381296733	
  9.3625000000000025	 -0.9963637328267125	 18.5994562109517574	11644.4484192074924067	
  9.3750000000000018	 -0.9992157531458677	 18.6492795997187422	11790.9078567992946773	
  9.3875000000000011	 -1.0014466799196420	 18.6991648360399942	11939.2088702126129647	
  9.4000000000000004	 -1.0030551652326616	 18.7490963517533054	12089.3746300822767807	
  9.4124999999999996	 -1.0040402508051582	 18.7990585495527895	12241.4285989003910800	
  9.4249999999999989	 -1.0044013686003679	 18.8490358127335931	12395.3945346831533243	
  9.4374999999999982	 -1.0041383411881546	 18.8990125149487298	12551.2964946835436422	
  9.4499999999999975	 -1.0032513818646343	 18.9489730299718886	12709.1588391504647007	
  9.4624999999999968	 -1.0017410945277252	 18.9989017414600347	12869.0062351349261007	
  9.4749999999999961	 -0.9996084733087045	 19.0487830527099433	13030.8636603438553720	
  9.4874999999999954	 -0.9968549019600015	 19.0986013964023407	13194.7564070421449287	
  9.4999999999999947	 -0.9934821529996140	 19.1483412443275398	13360.7100860035516234	
  9.5124999999999940	 -0.9894923866126822	 19.1979871170867753	13528.7506305110546236	
  9.5249999999999932	 -0.9848881493109102	 19.2475235937628320	13698.9043004073027987	
  9.5374999999999925	 -0.9796723723506718	 19.2969353215541481	13871.1976861957919027	
  9.5499999999999918	 -0.9738483699107945	 19.3462070253662937	14045.6577131934009230	
  9.5624999999999911	 -0.9674198370311589	 19.3953235173547895	14222.3116457349497068	
  9.5749999999999904	 -0.9603908473134061	 19.4442697064134364	14401.1870914304272446	
  9.5874999999999897	 -0.9527658503851906	 19.4930306076020621	14582.3120054755672754	
  9.5999999999999890	 -0.9445496691295647	 19.5415913515078792	14765.7146950164333248	
  9.6124999999999883	 -0.9357474966812303	 19.5899371935346238	14951.4238235687134875	
  9.6249999999999876	 -0.9263648931915333	 19.6380535231135802	15139.4684154924052564	
  9.6374999999999869	 -0.9164077823642288	 19.6859258728308433	15329.8778605225943465	
  9.6499999999999861	 -0.9058824477641806	 19.7335399274650172	15522.6819183570478344	
  9.6624999999999854	 -0.8947955289013043	 19.7808815329298326	15717.9107233013255609	
  9.6749999999999847	 -0.8831540170922045	 19.8279367051158388	15915.5947889721519459	
  9.6874999999999840	 -0.8709652511020949	 19.8746916386260075	16115.7650130597739917	
  9.6999999999999833	 -0.8582369125697246	 19.9211327153994020	16318.4526821500749065	
  9.7124999999999826	 -0.8449770212181740	 19.9672465132178765	16523.6894766071673075	
  9.7249999999999819	 -0.8311939298545149	 20.0130198140901996	16731.5074755172681762	
  9.7374999999999812	 -0.8168963191614622	 20.0584396125084865	16941.9391616946013528	
  9.7499999999999805	 -0.8020931922842736	 20.1034931235719014	17155.0174267501388385	
  9.7624999999999797	 -0.7867938692162816	 20.1481677909723800	17370.7755762239503383	
  9.7749999999999790	 -0.7710079809865716	 20.1924512948372623	17589.2473347820014169	
  9.7874999999999783	 -0.7547454636534394	 20.2363315594242827	17810.4668514781842532	
  9.7999999999999776	 -0.7380165521073836	 20.2797967606638778	18034.4687050824286416	
  9.8124999999999769	 -0.7208317736875095	 20.3228353335441163	18261.2879094757226994	
  9.8249999999999762	 -0.7032019416153332	 20.3654359793337640	18490.9599191128836537	
  9.8374999999999755	 -0.6851381482500966	 20.4075876726385701	18723.5206345539627364	
  9.8499999999999748	 -0.6666517581698079	 20.4492796682871507	18959.0064080651245604	
  9.8624999999999741	 -0.6477544010823323	 20.4905015080411950	19197.4540492898922821	
  9.8749999999999734	 -0.6284579645709714	 20.5312430271265214	19438.9008309916607686	
  9.8874999999999726	 -0.6087745866790620	 20.5714943605806155	19683.3844948683727125	
  9.8999999999999719	 -0.5887166483382339	 20.6112459494128473	19930.9432574402562750	
  9.9124999999999712	 -0.5682967656450586	 20.6504885465730830	20181.6158160115810460	
  9.9249999999999705	 -0.5475277819909236	 20.6892132227255843	20435.4413547073490918	
  9.9374999999999698	 -0.5264227600500494	 20.7274113718240187	20692.4595505858706019	
  9.9499999999999691	 -0.5049949736306597	 20.7650747164846443	20952.7105798281991156	
  9.9624999999999684	 -0.4832578993943984	 20.8021953131537956	21216.2351240053831134	
  9.9749999999999677	 -0.4612252084491743	 20.8387655570667292	21483.0743764245307830	
  9.9874999999999670	 -0.4389107578206906	 20.8747781869945648	21753.2700485546774871	
  9.9999999999999662	 -0.4163285818079882	 20.9102262897766806	22026.8643765334854834	
