  0.0000000000000000	 -1.0000000000000000	  0.0000000000000000	  2.0000000000000000	
  0.0125000000000000	 -0.9996875162802868	  0.0499973958434205	  2.0122659678183727	
  0.0250000000000000	 -0.9987502604080034	  0.0999791691283602	  2.0240653809272713	
  0.0375000000000000	 -0.9971888181375574	  0.1499297070598118	  2.0354008152115437	
  0.0500000000000000	 -0.9950041653195351	  0.1998334163638470	  2.0462752616849760	
  0.0625000000000000	 -0.9921976672908254	  0.2496747330329052	  2.0566921261952893	
  0.0750000000000000	 -0.9887710780213299	  0.2994381320527915	  2.0666552288896849	
  0.0875000000000000	 -0.9847265390177883	  0.3491081371053052	  2.0761688034415120	
  0.1000000000000000	 -0.9800665779854062	  0.3986693302404348	  2.0852374960388027	
  0.1125000000000000	 -0.9747941072481220	  0.4481063615120747	  2.0938663641355553	
  0.1250000000000000	 -0.9689124219284990	  0.4974039585712421	  2.1020608749668073	
  0.1375000000000000	 -0.9624251978883813	  0.5465469362107976	  2.1098269038286888	
  0.1500000000000000	 -0.9553364894315995	  0.5955202058557055	  2.1171707321247943	
  0.1625000000000000	 -0.9476507267701632	  0.6443087849929018	  2.1240990451803632	
  0.1750000000000000	 -0.9393727132555222	  0.6928978065348772	  2.1306189298259075	
  0.1875000000000000	 -0.9305076223766289	  0.7412725281111230	  2.1367378717520729	
  0.2000000000000000	 -0.9210609945266753	  0.7894183412816324	  2.1424637526376618	
  0.2125000000000000	 -0.9110387335405287	  0.8373207806666998	  2.1478048470528988	
  0.2250000000000001	 -0.9004471030050257	  0.8849655329873128	  2.1527698191401581	
  0.2375000000000001	 -0.8892927223444358	  0.9323384460104851	  2.1573677190745180	
  0.2500000000000001	 -0.8775825626835356	  0.9794255373939414	  2.1616079793066456	
  0.2625000000000001	 -0.8653239424908835	  1.0262130034246266	  2.1655004105906581	
  0.2750000000000001	 -0.8525245230050147	  1.0726872276455761	  2.1690551977997421	
  0.2875000000000001	 -0.8391923034464166	  1.1188347893657593	  2.1722828955324531	
  0.3000000000000001	 -0.8253356160182764	  1.1646424720475737	  2.1751944235127456	
  0.3125000000000001	 -0.8109631206991257	  1.2100972715667508	  2.1778010617869228	
  0.3250000000000001	 -0.7960837998306354	  1.2551864043395109	  2.1801144457208226	
  0.3375000000000001	 -0.7807069525039446	  1.2998973153118862	  2.1821465608006871	
  0.3500000000000001	 -0.7648421887480318	  1.3442176858062211	  2.1839097372412892	
  0.3625000000000002	 -0.7484994235237592	  1.3881354412199447	  2.1854166444050094	
  0.3750000000000002	 -0.7316888705273452	  1.4316387585718040	  2.1866802850356915	
  0.3875000000000002	 -0.7144210358071366	  1.4747160738908427	  2.1877139893112072	
  0.4000000000000002	 -0.6967067111976705	  1.5173560894435063	  2.1885314087187955	
  0.4125000000000002	 -0.6785569675751292	  1.5595477807943579	  2.1891465097573435	
  0.4250000000000002	 -0.6599831479384027	  1.6012804036959913	  2.1895735674708954	
  0.4375000000000002	 -0.6409968603200840	  1.6425435008038360	  2.1898271588177867	
  0.4500000000000002	 -0.6216099705318261	  1.6833269082116571	  2.1899221558799016	
  0.4625000000000002	 -0.6018345947485968	  1.7236207618036656	  2.1898737189166626	
  0.4750000000000003	 -0.5816830919364631	  1.7634155034192700	  2.1896972892684614	
  0.4875000000000003	 -0.5611680561286401	  1.8027018868266151	  2.1894085821143330	
  0.5000000000000002	 -0.5403023085546300	  1.8414709835011762	  2.1890235790887815	
  0.5125000000000002	 -0.5190988896273716	  1.8797141882057962	  2.1885585207627485	
  0.5250000000000001	 -0.4975710507934060	  1.9174232243686782	  2.1880298989938098	
  0.5375000000000001	 -0.4757322462511543	  1.9545901492559743	  2.1874544491507755	
  0.5500000000000000	 -0.4535961245424820	  1.9912073589357351	  2.1868491422179419	
  0.5625000000000000	 -0.4311765200228039	  2.0272675930301198	  2.1862311767843359	
  0.5750000000000000	 -0.4084874442150627	  2.0627639392528958	  2.1856179709233619	
  0.5874999999999999	 -0.3855430770529834	  2.0976898377293924	  2.1850271539683361	
  0.5999999999999999	 -0.3623577580190763	  2.1320390850962094	  2.1844765581894663	
  0.6124999999999998	 -0.3389459771829273	  2.1658058383781174	  2.1839842103778957	
  0.6249999999999998	 -0.3153223661453758	  2.1989846186397264	  2.1835683233425027	
  0.6374999999999997	 -0.2915016888942412	  2.2315703144096424	  2.1832472873251971	
  0.6499999999999997	 -0.2674988325773103	  2.2635581848749706	  2.1830396613405174	
  0.6624999999999996	 -0.2433287981983553	  2.2949438628441694	  2.1829641644453854	
  0.6749999999999996	 -0.2190066912419946	  2.3257233574764022	  2.1830396669449206	
  0.6874999999999996	 -0.1945477122332564	  2.3558930567756842	  2.1832851815402643	
  0.6999999999999995	 -0.1699671472377458	  2.3854497298482604	  2.1837198544244076	
  0.7124999999999995	 -0.1452803583083513	  2.4143905289218113	  2.1843629563320497	
  0.7249999999999994	 -0.1205027738844617	  2.4427129911252163	  2.1852338735495556	
  0.7374999999999994	 -0.0956498791496941	  2.4704150400277687	  2.1863520988911040	
  0.7499999999999993	 -0.0707372063541578	  2.4974949869368768	  2.1877372226471539	
  0.7624999999999993	 -0.0457803251073043	  2.5239515319534420	  2.1894089235113690	
  0.7749999999999992	 -0.0207948326474275	  2.5497837647842534	  2.1913869594921729	
  0.7874999999999992	  0.0042036559061018	  2.5749911653108914	  2.1936911588151111	
  0.7999999999999992	  0.0291995173117776	  2.5995736039147852	  2.1963414108222166	
  0.8124999999999991	  0.0541771299699756	  2.6235313415582193	  2.1993576568745787	
  0.8249999999999991	  0.0791208836859449	  2.6468650296212419	  2.2027598812643245	
  0.8374999999999990	  0.1040151894256712	  2.6695757094945720	  2.2065681021422159	
  0.8499999999999990	  0.1288444890585155	  2.6916648119287649	  2.2108023624670694	
  0.8624999999999989	  0.1535932650805394	  2.7131341561400402	  2.2154827209831955	
  0.8749999999999989	  0.1782460503124398	  2.7339859486733298	  2.2206292432320409	
  0.8874999999999988	  0.2027874375660327	  2.7542227820232599	  2.2262619926042091	
  0.8999999999999988	  0.2272020892732436	  2.7738476330139261	  2.2324010214380099	
  0.9124999999999988	  0.2514747470715888	  2.7928638609384753	  2.2390663621706715	
  0.9249999999999987	  0.2755902413401553	  2.8112752054596561	  2.2462780185483195	
  0.9374999999999987	  0.2995335006801191	  2.8290857842726527	  2.2540559569008001	
  0.9499999999999986	  0.3232895613338801	  2.8463000905316584	  2.2624200974873880	
  0.9624999999999986	  0.3468435765369223	  2.8629229900418012	  2.2713903059193901	
  0.9749999999999985	  0.3701808257965591	  2.8789597182181734	  2.2809863846656047	
  0.9874999999999985	  0.3932867240917614	  2.8944158768138677	  2.2912280646465630	
  0.9999999999999984	  0.4161468309883214	  2.9092974304190640	  2.3021349969234230	
  1.0124999999999984	  0.4387468596636535	  2.9236107027333547	  2.3137267444873384	
  1.0249999999999984	  0.4610726858355936	  2.9373623726136389	  2.3260227741550725	
  1.0374999999999983	  0.4831103565896153	  2.9505594699000532	  2.3390424485765626	
  1.0499999999999983	  0.5048460990989475	  2.9632093710225513	  2.3528050183600864	
  1.0624999999999982	  0.5262663292321427	  2.9753197943908751	  2.3673296143206066	
  1.0749999999999982	  0.5473576600427168	  2.9868987955708000	  2.3826352398568127	
  1.0874999999999981	  0.5681069101355549	  2.9979547622496678	  2.3987407634622966	
  1.0999999999999981	  0.5885011119048543	  3.0084964089943571	  2.4156649113762310	
  1.1124999999999980	  0.6085275196384556	  3.0185327718049604	  2.4334262603788352	
  1.1249999999999980	  0.6281736174834982	  3.0280732024675796	  2.4520432307368374	
  1.1374999999999980	  0.6474271272684206	  3.0371273627097639	  2.4715340793040506	
  1.1499999999999979	  0.6662760161764179	  3.0457052181622446	  2.4919168927820952	
  1.1624999999999979	  0.6847085042655610	  3.0538170321307399	  2.5132095811462132	
  1.1749999999999978	  0.7027130718308764	  3.0614733591817234	  2.5354298712410182	
  1.1874999999999978	  0.7202784666037868	  3.0686850385461639	  2.5585953005509325	
  1.1999999999999977	  0.7373937107844127	  3.0754631873453584	  2.5827232111499634	
  1.2124999999999977	  0.7540481079023400	  3.0818191936430930	  2.6078307438353665	
  1.2249999999999976	  0.7702312495015657	  3.0877647093284746	  2.6339348324496394	
  1.2374999999999976	  0.7859330216454441	  3.0933116428338794	  2.6610521983951800	
  1.2499999999999976	  0.8011436112375679	  3.0984721516925693	  2.6891993453458358	
  1.2624999999999975	  0.8158535121546340	  3.1032586349406310	  2.7183925541594536	
  1.2749999999999975	  0.8300535311874611	  3.1076837253679805	  2.7486478779954293	
  1.2874999999999974	  0.8437347937864459	  3.1117602816232819	  2.7799811376411312	
  1.2999999999999974	  0.8568887496078683	  3.1155013801777103	  2.8124079170509604	
  1.3124999999999973	  0.8695071778575774	  3.1189203071525822	  2.8459435591016797	
  1.3249999999999973	  0.8815821924287199	  3.1220305500159635	  2.8806031615675249	
  1.3374999999999972	  0.8931062468303010	  3.1248457891534405	  2.9164015733184825	
  1.3499999999999972	  0.9040721389034949	  3.1273798893183238	  2.9533533907449896	
  1.3624999999999972	  0.9144730153227598	  3.1296468909666291	  2.9914729544121834	
  1.3749999999999971	  0.9243023758789435	  3.1316610014822501	  3.0307743459466927	
  1.3874999999999971	  0.9335540775417018	  3.1334365862978051	  3.0712713851588300	
  1.3999999999999970	  0.9422223382986935	  3.1349881599167095	  3.1129776274029095	
  1.4124999999999970	  0.9503017407691489	  3.1363303768420843	  3.1559063611782796	
  1.4249999999999969	  0.9577872355895569	  3.1374780224181675	  3.2000706059735129	
  1.4374999999999969	  0.9646741445693531	  3.1384460035899573	  3.2454831103560684	
  1.4499999999999968	  0.9709581636146357	  3.1392493395868541	  3.2921563503095861	
  1.4624999999999968	  0.9766353654180850	  3.1399031525361334	  3.3401025278208434	
  1.4749999999999968	  0.9817022019134021	  3.1404226580121071	  3.3893335697182514	
  1.4874999999999967	  0.9861555064927349	  3.1408231555268862	  3.4398611267636277	
  1.4999999999999967	  0.9899924959857049	  3.1411200189686825	  3.4916965729988352	
  1.5124999999999966	  0.9932107723987984	  3.1413286869936297	  3.5448510053487334	
  1.5249999999999966	  0.9958083244140338	  3.1414646533771262	  3.5993352434817356	
  1.5374999999999965	  0.9977835286459704	  3.1415434573307288	  3.6551598299291230	
  1.5499999999999965	  0.9991351506562712	  3.1415806737906529	  3.7123350304641178	
  1.5624999999999964	  0.9998623457251866	  3.1415919036839428	  3.7708708347415625	
  1.5749999999999964	  0.9999646593794769	  3.1415927641784012	  3.8307769571989119	
  1.5874999999999964	  0.9994420276764430	  3.1415988789223674	  3.8920628382190920	
  1.5999999999999963	  0.9982947772438890	  3.1416258682804461	  3.9547376455556247	
  1.6124999999999963	  0.9965236250759902	  3.1416893395712879	  4.0188102760202753	
  1.6249999999999962	  0.9941296780851948	  3.1418048773135228	  4.0842893574333292	
  1.6374999999999962	  0.9911144324104399	  3.1419880334859434	  4.1511832508364472	
  1.6499999999999961	  0.9874797724821137	  3.1422543178080256	  4.2195000529679056	
  1.6624999999999961	  0.9832279698443472	  3.1426191880468575	  4.2892475989998866	
  1.6749999999999960	  0.9783616817353735	  3.1430980403565387	  4.3604334655373096	
  1.6874999999999960	  0.9728839494268403	  3.1437061996560858	  4.4330649738775803	
  1.6999999999999960	  0.9667981963231141	  3.1444589100518558	  4.5071491935304593	
  1.7124999999999959	  0.9601082258217640	  3.1453713253104776	  4.5826929459971142	
  1.7249999999999959	  0.9528182189365619	  3.1464584993882387	  4.6597028088072863	
  1.7374999999999958	  0.9449327316844853	  3.1477353770228547	  4.7381851198133269	
  1.7499999999999958	  0.9364566922383546	  3.1492167843934937	  4.8181459817397538	
  1.7624999999999957	  0.9273953978468856	  3.1509174198548981	  4.8995912669867963	
  1.7749999999999957	  0.9177545115240821	  3.1528518447513907	  4.9825266226862830	
  1.7874999999999956	  0.9075400585100355	  3.1550344743165075	  5.0669574760080778	
  1.7999999999999956	  0.8967584225053468	  3.1574795686639479	  5.1528890397151166	
  1.8124999999999956	  0.8854163416815209	  3.1602012238754664	  5.2403263179649873	
  1.8249999999999955	  0.8735209044698294	  3.1632133631912818	  5.3292741123558276	
  1.8374999999999955	  0.8610795451312713	  3.1665297283085039	  5.4197370282142083	
  1.8499999999999954	  0.8481000391104019	  3.1701638707930218	  5.5117194811225110	
  1.8624999999999954	  0.8345904981759334	  3.1741291436102141	  5.6052257036832023	
  1.8749999999999953	  0.8205593653511435	  3.1784386927797832	  5.7002597525172582	
  1.8874999999999953	  0.8060154096372604	  3.1831054491599180	  5.7968255154938735	
  1.8999999999999952	  0.7909677205331228	  3.1881421203659306	  5.8949267191884633	
  1.9124999999999952	  0.7754257023545390	  3.1935611828284096	  5.9945669365658434	
  1.9249999999999952	  0.7593990683568956	  3.1993748739958572	  6.0957495948853451	
  1.9374999999999951	  0.7428978346646891	  3.2055951846866826	  6.1984779838245192	
  1.9499999999999951	  0.7259323140117740	  3.2122338515953301	  6.3027552638179420	
  1.9624999999999950	  0.7085131092962406	  3.2193023499572284	  6.4085844746075535	
  1.9749999999999950	  0.6906511069539477	  3.2268118863771407	  6.5159685440008088	
  1.9874999999999949	  0.6723574701548558	  3.2347733918254025	  6.6249102968328533	
  1.9999999999999949	  0.6536436318264083	  3.2431975148064205	  6.7354124641287925	
  2.0124999999999948	  0.6345212875083247	  3.2520946147037044	  6.8474776924620473	
  2.0249999999999950	  0.6150023880432689	  3.2614747553055894	  6.9611085535046691	
  2.0374999999999952	  0.5950991321079613	  3.2713476985156960	  7.0763075537653997	
  2.0499999999999954	  0.5748239585894033	  3.2817228982520574	  7.1930771445111645	
  2.0624999999999956	  0.5541895388109778	  3.2926094945387296	  7.3114197318675851	
  2.0749999999999957	  0.5332087686132844	  3.3040163077935740	  7.4313376870940280	
  2.0874999999999959	  0.5118947602946592	  3.3159518333157818	  7.5528333570286019	
  2.0999999999999961	  0.4902608344164150	  3.3284242359765908	  7.6759090746984358	
  2.1124999999999963	  0.4683205114779241	  3.3414413451165044	  7.8005671700905035	
  2.1249999999999964	  0.4460875034667466	  3.3550106496522103	  7.9268099810781649	
  2.1374999999999966	  0.4235757052890841	  3.3691392933962514	  8.0546398644985366	
  2.1499999999999968	  0.4007991860859163	  3.3838340705923740	  8.1840592073757232	
  2.1624999999999970	  0.3777721804402454	  3.3991014216693487	  8.3150704382848826	
  2.1749999999999972	  0.3545090794809452	  3.4149474292159101	  8.4476760388520251	
  2.1874999999999973	  0.3310244218887746	  3.4313778141793385	  8.5818785553844084	
  2.1999999999999975	  0.3073328848101747	  3.4483979322900531	  8.7176806106263012	
  2.2124999999999977	  0.2834492746845304	  3.4660127707144550	  8.8550849156348654	
  2.2249999999999979	  0.2593885179906280	  3.4842269449381114	  8.9940942817708418	
  2.2374999999999980	  0.2351656519180916	  3.5030446958812260	  9.1347116327986893	
  2.2499999999999982	  0.2107958149696292	  3.5224698872482030	  9.2769400170907730	
  2.2624999999999984	  0.1862942374999616	  3.5425060031129574	  9.4207826199301739	
  2.2749999999999986	  0.1616762321973461	  3.5631561457414818	  9.5662427759066411	
  2.2874999999999988	  0.1369571845136452	  3.5844230336530312	  9.7133239814002028	
  2.2999999999999989	  0.1121525430489198	  3.6063089999211382	  9.8620299071468960	
  2.3124999999999991	  0.0872778098965574	  3.6288159907155162	 10.0123644108810730	
  2.3249999999999993	  0.0623485309549682	  3.6519455640857679	 10.1643315500487201	
  2.3374999999999995	  0.0373802862119046	  3.6756988889876543	 10.3179355945861975	
  2.3499999999999996	  0.0123886800074762	  3.7000767445525362	 10.4731810397588170	
  2.3624999999999998	 -0.0126106687180545	  3.7250795196004423	 10.6300726190536494	
  2.3750000000000000	 -0.0376021361856019	  3.7507072123970677	 10.7886153171209642	
  2.3875000000000002	 -0.0625701035416101	  3.7769594306548608	 10.9488143827586910	
  2.4000000000000004	 -0.0874989666193279	  3.8038353917781875	 11.1106753419343054	
  2.4125000000000005	 -0.1123731456909054	  3.8313339233524295	 11.2742040108385559	
  2.4250000000000007	 -0.1371770952042163	  3.8594534638767048	 11.4394065089654386	
  2.4375000000000009	 -0.1618953134983223	  3.8881920637397549	 11.6062892722128694	
  2.4500000000000011	 -0.1865123524915058	  3.9175473864383887	 11.7748590659985073	
  2.4625000000000012	 -0.2110128273358191	  3.9475167100377204	 11.9451229983852052	
  2.4750000000000014	 -0.2353814260321126	  3.9780969288722909	 12.1170885332106053	
  2.4875000000000016	 -0.2596029189995362	  4.0092845554870067	 12.2907635032154054	
  2.5000000000000018	 -0.2836621685935315	  4.0410757228166867	 12.4661561231648896	
  2.5125000000000020	 -0.3075441385663668	  4.0734661866028512	 12.6432750029583261	
  2.5250000000000021	 -0.3312339034643023	  4.1064513280462451	 12.8221291607208876	
  2.5375000000000023	 -0.3547166579555130	  4.1400261566934393	 13.0027280358728081	
  2.5500000000000025	 -0.3779777260829392	  4.1741853135556992	 13.1850815021705259	
  2.5625000000000027	 -0.4010025704362814	  4.2089230744581796	 13.3691998807146231	
  2.5750000000000028	 -0.4237768012374088	  4.2442333536173455	 13.5550939529194228	
  2.5875000000000030	 -0.4462861853335022	  4.2801097074443915	 13.7427749734391842	
  2.6000000000000032	 -0.4685166550923111	  4.3165453385722730	 13.9322546830458833	
  2.6125000000000034	 -0.4904543171939658	  4.3535331001038404	 14.1235453214536371	
  2.6250000000000036	 -0.5120854613138500	  4.3910655000784171	 14.3166596400849162	
  2.6375000000000037	 -0.5333965686911076	  4.4291347061540307	 14.5116109147737582	
  2.6500000000000039	 -0.5543743205774279	  4.4677325505023715	 14.7084129584012562	
  2.6625000000000041	 -0.5750056065608296	  4.5068505349134194	 14.9070801334587202	
  2.6750000000000043	 -0.5952775327592417	  4.5464798361065490	 15.1076273645339541	
  2.6875000000000044	 -0.6151774298787599	  4.5866113112447922	 15.3100701507162000	
  2.7000000000000046	 -0.6346928611315431	  4.6272355036488140	 15.5144245779154080	
  2.7125000000000048	 -0.6538116300084006	  4.6683426487070294	 15.7207073310915515	
  2.7250000000000050	 -0.6725217879012133	  4.7099226799781668	 15.9289357063898347	
  2.7375000000000052	 -0.6908116415704250	  4.7519652354824666	 16.1391276231777354	
  2.7500000000000053	 -0.7086697604529362	  4.7944596641775821	 16.3513016359799330	
  2.7625000000000055	 -0.7260849838058341	  4.8373950326151336	 16.5654769463072640	
  2.7750000000000057	 -0.7430464276814936	  4.8807601317737568	 16.7816734143759945	
  2.7875000000000059	 -0.7595434917296903	  4.9245434840643769	 16.9999115707137634	
  2.8000000000000060	 -0.7755658658224737	  4.9687333505033280	 17.2202126276487242	
  2.8125000000000062	 -0.7911035364976623	  5.0133177380488370	 17.4425984906784848	
  2.8250000000000064	 -0.8061467932169312	  5.0582844070962834	 17.6670917697156007	
  2.8375000000000066	 -0.8206862344345822	  5.1036208791275515	 17.8937157902064747	
  2.8500000000000068	 -0.8347127734732042	  5.1493144445097023	 18.1224946041206820	
  2.8625000000000069	 -0.8482176442025503	  5.1953521704380767	 18.3534530008078285	
  2.8750000000000071	 -0.8611924065180843	  5.2417209090188788	 18.5866165177192109	
  2.8875000000000073	 -0.8736289516157707	  5.2884073054861815	 18.8220114509916598	
  2.9000000000000075	 -0.8855195070598139	  5.3353978065482197	 19.0596648658911327	
  2.9125000000000076	 -0.8968566416401770	  5.3826786688577588	 19.2996046071136860	
  2.9250000000000078	 -0.9076332700168466	  5.4302359676012362	 19.5418593089416746	
  2.9375000000000080	 -0.9178426571479392	  5.4780556052013178	 19.7864584052531214	
  2.9500000000000082	 -0.9274784224988835	  5.5261233201274251	 20.0334321393823735	
  2.9625000000000083	 -0.9365345440300464	  5.5744246958087276	 20.2828115738302692	
  2.9750000000000085	 -0.9450053619603123	  5.6229451696440300	 20.5346285998222626	
  2.9875000000000087	 -0.9528855823042612	  5.6716700421029227	 20.7889159467130185	
  3.0000000000000089	 -0.9601702801807382	  5.7205844859125117	 21.0457071912362110	
  3.0125000000000091	 -0.9668549028907433	  5.7696735553239806	 21.3050367665983629	
  3.0250000000000092	 -0.9729352727627200	  5.8189221954531973	 21.5669399714157635	
  3.0375000000000094	 -0.9784075897634644	  5.8683152516895252	 21.8314529784936298	
  3.0500000000000096	 -0.9832684338730223	  5.9178374791669626	 22.0986128434468370	
  3.0625000000000098	 -0.9875147672220898	  5.9674735522916889	 22.3684575131617223	
  3.0750000000000099	 -0.9911439359905829	  6.0172080743200596	 22.6410258340986061	
  3.0875000000000101	 -0.9941536720661892	  6.0670255869810701	 22.9163575604348466	
  3.1000000000000103	 -0.9965420944618636	  6.1169105801372732	 23.1944933620484051	
  3.1125000000000105	 -0.9983077104913842	  6.1668475014781086	 23.4754748323420550	
  3.1250000000000107	 -0.9994494167022329	  6.2168207662395920	 23.7593444959085609	
  3.1375000000000108	 -0.9999664995652167	  6.2668147669442842	 24.0461458160372636	
  3.1500000000000110	 -0.9998586359204008	  6.3168138831554570	 24.3359232020627303	
  3.1625000000000112	 -0.9991258931790727	  6.3668024912393575	 24.6287220165562672	
  3.1750000000000114	 -0.9977687292816125	  6.4167649741294692	 24.9245885823612490	
  3.1875000000000115	 -0.9957879924112950	  6.4666857310866730	 25.2235701894734063	
  3.2000000000000117	 -0.9931849204642028	  6.5165491874491996	 25.5257151017673607	
  3.2125000000000119	 -0.9899611402755816	  6.5663398043662848	 25.8310725635708920	
  3.2250000000000121	 -0.9861186666031210	  6.6160420885094480	 26.1396928060885436	
  3.2375000000000123	 -0.9816599008677968	  6.6656406017553156	 26.4516270536763898	
  3.2500000000000124	 -0.9765876296530608	  6.7151199708339471	 26.7669275299698981	
  3.2625000000000126	 -0.9709050229633170	  6.7644648969366292	 27.0856474638670548	
  3.2750000000000128	 -0.9646156322427722	  6.8136601652771303	 27.4078410953690152	
  3.2875000000000130	 -0.9577233881558989	  6.8626906546004482	 27.7335636812807564	
  3.3000000000000131	 -0.9502325981308974	  6.9115413466331033	 28.0628715007743565	
  3.3125000000000133	 -0.9421479436676947	  6.9601973354690694	 28.3958218608176765	
  3.3250000000000135	 -0.9334744774121582	  7.0086438368854784	 28.7324731014714239	
  3.3375000000000137	 -0.9242176199983571	  7.0568661975822806	 29.0728846010576696	
  3.3500000000000139	 -0.9143831566608427	  7.1048499043400799	 29.4171167812031307	
  3.3625000000000140	 -0.9039772336190648	  7.1525805930904216	 29.7652311117606310	
  3.3750000000000142	 -0.8930063542361850	  7.2000440578928693	 30.1172901156123487	
  3.3875000000000144	 -0.8814773749546861	  7.2472262598132540	 30.4733573733585921	
  3.4000000000000146	 -0.8693975010113193	  7.2941133356975527	 30.8334975278960037	
  3.4125000000000147	 -0.8567742819340649	  7.3406916068359065	 31.1977762888892762	
  3.4250000000000149	 -0.8436156068239242	  7.3869475875113695	 31.5662604371405884	
  3.4375000000000151	 -0.8299296994244876	  7.4328679934280437	 31.9390178288611146	
  3.4500000000000153	 -0.8157251129823623	  7.4784397500133295	 32.3161173998491549	
  3.4625000000000155	 -0.8010107249016725	  7.5236500005891100	 32.6976291695795140	
  3.4750000000000156	 -0.7857957311959701	  7.5684861144067561	 33.0836242452090090	
  3.4875000000000158	 -0.7700896407410260	  7.6129356945409308	 33.4741748255029847	
  3.5000000000000160	 -0.7539022693320921	  7.6569865856372674	 33.8693542046880154	
  3.5125000000000162	 -0.7372437335493491	  7.7006268815090673	 34.2692367762359638	
  3.5250000000000163	 -0.7201244444353729	  7.7438449325782805	 34.6738980365848590	
  3.5375000000000165	 -0.7025551009885723	  7.7866293531561128	 35.0834145888020501	
  3.5500000000000167	 -0.6845466834766631	  7.8289690285587108	 35.4978641461953472	
  3.5625000000000169	 -0.6661104465743584	  7.8708531220534761	 35.9173255358778505	
  3.5750000000000171	 -0.6472579123295630	  7.9122710816316708	 36.3418787022925045	
  3.5875000000000172	 -0.6280008629624689	  7.9532126466030801	 36.7716047107023130	
  3.6000000000000174	 -0.6083513335020515	  7.9936678540086108	 37.2065857506524651	
  3.6125000000000176	 -0.5883216042645676	  8.0336270448468134	 37.6469051394106131	
  3.6250000000000178	 -0.5679241931787580	  8.0730808701104451	 38.0926473253917450	
  3.6375000000000179	 -0.5471718479625496	  8.1120202966292947	 38.5438978915741686	
  3.6500000000000181	 -0.5260775381561467	  8.1504366127156214	 39.0007435589132641	
  3.6625000000000183	 -0.5046544470164904	  8.1883214336086745	 39.4632721897597420	
  3.6750000000000185	 -0.4829159632781527	  8.2256667067148967	 39.9315727912893124	
  3.6875000000000187	 -0.4608756727858124	  8.2624647166405314	 40.4057355189506922	
  3.7000000000000188	 -0.4385473500035455	  8.2987080900134931	 40.8858516799390443	
  3.7125000000000190	 -0.4159449494062329	  8.3343898000914862	 41.3720137367020371	
  3.7250000000000192	 -0.3930825967584683	  8.3695031711534895	 41.8643153104857859	
  3.7375000000000194	 -0.3699745802864150	  8.4040418826718657	 42.3628511849280329	
  3.7500000000000195	 -0.3466353417481298	  8.4379999732624800	 42.8677173097060518	
  3.7625000000000197	 -0.3230794674079345	  8.4713718444103794	 43.3790108042467963	
  3.7750000000000199	 -0.2993216789204753	  8.5041522639686775	 43.8968299615069171	
  3.7875000000000201	 -0.2753768241301682	  8.5363363694284757	 44.4212742518304253	
  3.8000000000000203	 -0.2512598677917794	  8.5679196709577727	 44.9524443268916798	
  3.8125000000000204	 -0.2269858822179412	  8.5988980542074671	 45.4904420237316671	
  3.8250000000000206	 -0.2025700378594468	  8.6292677828826854	 46.0353703688954781	
  3.8375000000000208	 -0.1780275938242127	  8.6590255010778527	 46.5873335826789514	
  3.8500000000000210	 -0.1533738883408332	  8.6881682353740164	 47.1464370834925859	
  3.8625000000000211	 -0.1286243291726863	  8.7166933966971403	 47.7127874923508628	
  3.8750000000000213	 -0.1037943839885842	  8.7445987819361939	 48.2864926374951722	
  3.8875000000000215	 -0.0788995706959829	  8.7718825753200189	 48.8676615591585204	
  3.9000000000000217	 -0.0539554477427959	  8.7985433495521317	 49.4564045144804183	
  3.9125000000000218	 -0.0289776043938703	  8.8245800667027368	 50.0528329825802132	
  3.9250000000000220	 -0.0039816509882042	  8.8499920788573974	 50.6570596697972846	
  3.9375000000000222	  0.0210167908170070	  8.8747791285219613	 51.2691985151065523	
  3.9500000000000224	  0.0460020978093980	  8.8989413487834881	 51.8893646957177168	
  3.9625000000000226	  0.0709586549854324	  8.9224792632270731	 52.5176746328667789	
  3.9750000000000227	  0.0958708653092719	  8.9453937856086210	 53.1542459978083599	
  3.9875000000000229	  0.1207231594604154	  8.9676862192837810	 53.7991977180173535	
  4.0000000000000231	  0.1455000055640177	  8.9893582563933947	 54.4526499836085307	
  4.0125000000000233	  0.1701859188978059	  9.0104119768059565	 55.1147242539826934	
  4.0250000000000234	  0.1947654715695259	  9.0308498468177678	 55.7855432647079823	
  4.0375000000000236	  0.2192233021588736	  9.0506747176115816	 56.4652310346449866	
  4.0500000000000238	  0.2435441253178820	  9.0698898234747070	 57.1539128733243089	
  4.0625000000000240	  0.2677127413237661	  9.0884987797776819	 57.8517153885852196	
  4.0750000000000242	  0.2917140455782549	  9.1065055807147868	 58.5587664944840611	
  4.0875000000000243	  0.3155330380474733	  9.1239145968078006	 59.2751954194810864	
  4.1000000000000245	  0.3391548326364753	  9.1407305721745722	 60.0011327149143483	
  4.1125000000000247	  0.3625646664925684	  9.1569586215640957	 60.7367102637692966	
  4.1250000000000249	  0.3857479092316159	  9.1726042271599599	 61.4820612897527354	
  4.1375000000000250	  0.4086900720815507	  9.1876732351541648	 62.2373203666797750	
  4.1500000000000252	  0.4313768169373862	  9.2021718520934392	 63.0026234281823250	
  4.1625000000000254	  0.4537939653220650	  9.2161066410003514	 63.7781077777478131	
  4.1750000000000256	  0.4759275072475455	  9.2294845172716364	 64.5639120990966404	
  4.1875000000000258	  0.4977636099705883	  9.2423127443562940	 65.3601764669068785	
  4.2000000000000259	  0.5192886266377703	  9.2545989292161721	 66.1670423578948714	
  4.2125000000000261	  0.5404891048143238	  9.2663510175718624	 66.9846526622600180	
  4.2250000000000263	  0.5613517948914702	  9.2775772889368842	 67.8131516955023983	
  4.2375000000000265	  0.5818636583669945	  9.2882863514432596	 68.6526852106214847	
  4.2500000000000266	  0.6020118759938838	  9.2984871364617057	 69.5034004107044154	
  4.2625000000000268	  0.6217838557919402	  9.3081888930198264	 70.3654459619121297	
  4.2750000000000270	  0.6411672409173580	  9.3174011820217633	 71.2389720068716770	
  4.2875000000000272	  0.6601499173853489	  9.3261338702729493	 72.1241301784828721	
  4.3000000000000274	  0.6787200216409879	  9.3343971243136714	 73.0210736141475820	
  4.3125000000000275	  0.6968659479735492	  9.3422014040653139	 73.9299569704297284	
  4.3250000000000277	  0.7145763557696970	  9.3495574562932529	 74.8509364381540365	
  4.3375000000000279	  0.7318401766010004	  9.3564763078904711	 75.7841697579517160	
  4.3500000000000281	  0.7486466211413401	  9.3629692589861158	 76.7298162362608451	
  4.3625000000000282	  0.7649851859098860	  9.3690478758832789	 77.6880367617895189	
  4.3750000000000284	  0.7808456598354310	  9.3747239838304406	 78.6589938224495029	
  4.3875000000000286	  0.7962181306379780	  9.3800096596310691	 79.6428515227681970	
  4.4000000000000288	  0.8110929910235920	  9.3849172240960126	 80.6397756017866669	
  4.4125000000000290	  0.8254609446886462	  9.3894592343433967	 81.6499334514512896	
  4.4250000000000291	  0.8393130121297087	  9.3936484759508314	 82.6734941355066013	
  4.4375000000000293	  0.8526405362554402	  9.3974979549648410	 83.7106284088969232	
  4.4500000000000295	  0.8654351877969941	  9.4010208897725107	 84.7615087376840961	
  4.4625000000000297	  0.8776889705135382	  9.4042307028404224	 85.8263093194886153	
  4.4750000000000298	  0.8893942261896448	  9.4071410123260542	 86.9052061044615840	
  4.4875000000000300	  0.9005436394214261	  9.4097656235668694	 87.9983768167945186	
  4.5000000000000302	  0.9111302421884234	  9.4121185204524362	 89.1060009767741832	
  4.5125000000000304	  0.9211474182083932	  9.4142138566849454	 90.2282599233894587	
  4.5250000000000306	  0.9305889070722676	  9.4160659469336139	 91.3653368374971251	
  4.5375000000000307	  0.9394488081567067	  9.4176892578884797	 92.5174167655535342	
  4.5500000000000309	  0.9477215843117959	  9.4190983992191892	 93.6846866439187664	
  4.5625000000000311	  0.9554020653215838	  9.4203081144444312	 94.8673353237401358	
  4.5750000000000313	  0.9624854511352995	  9.4213332717177192	 96.0655535964214664	
  4.5875000000000314	  0.9689673148672276	  9.4221888545352783	 97.2795342196847344	
  4.6000000000000316	  0.9748436055633678	  9.4228899523718486	 98.5094719442305120	
  4.6125000000000318	  0.9801106507331487	  9.4234517512502514	 99.7555635410034682	
  4.6250000000000320	  0.9847651586446158	  9.4238895242506224	101.0180078290691768	
  4.6375000000000322	  0.9888042203816555	  9.4242186219652346	102.2970057041084715	
  4.6500000000000323	  0.9922253116619740	  9.4244544629048761	103.5927601675353031	
  4.6625000000000325	  0.9950262944146910	  9.4246125238627823	104.9054763562440939	
  4.6750000000000327	  0.9972054181165643	  9.4247083302421437	106.2353615729924741	
  4.6875000000000329	  0.9987613208860097	  9.4247574463532384	107.5826253174252543	
  4.7000000000000330	  0.9996930303342330	  9.4247754656862419	108.9474793177452057	
  4.7125000000000332	  0.9999999641729410	  9.4247780011657998	110.3301375630364021	
  4.7250000000000334	  0.9996819305782526	  9.4247806753934658	111.7308163362455389	
  4.7375000000000336	  0.9987391283105826	  9.4247991108840772	113.1497342478267285	
  4.7500000000000338	  0.9971721465904227	  9.4248489203021979	114.5871122700551297	
  4.7625000000000339	  0.9949819647300980	  9.4249456967047056	116.0431737720145691	
  4.7750000000000341	  0.9921699515217283	  9.4251050037956432	117.5181445552645414	
  4.7875000000000343	  0.9887378643817777	  9.4253423661994074	119.0122528901914194	
  4.8000000000000345	  0.9846878482527266	  9.4256732597583675	120.5257295530491746	
  4.8125000000000346	  0.9800224342625523	  9.4261131018609632	122.0588078636942129	
  4.8250000000000348	  0.9747445381428561	  9.4266772418063418	123.6117237240195408	
  4.8375000000000350	  0.9688574584066263	  9.4273809512115463	125.1847156570926671	
  4.8500000000000352	  0.9623648742867745	  9.4282394144672494	126.7780248470022144	
  4.8625000000000353	  0.9552708434367352	  9.4292677192480046	128.3918951794177019	
  4.8750000000000355	  0.9475797993945639	  9.4304808470829418	130.0265732828671048	
  4.8875000000000357	  0.9392965488121207	  9.4318936639927990	131.6823085707366374	
  4.9000000000000359	  0.9304262684510684	  9.4335209111991443	133.3593532839971090	
  4.9125000000000361	  0.9209745019475659	  9.4353771959115882	135.0579625346613284	
  4.9250000000000362	  0.9109471563476755	  9.4374769821987581	136.7783943499766508	
  4.9375000000000364	  0.9003504984156513	  9.4398345819487215	138.5209097173569432	
  4.9500000000000366	  0.8891911507174154	  9.4424641459245287	140.2857726300581476	
  4.9625000000000368	  0.8774760874816701	  9.4453796549204387	142.0732501336014195	
  4.9750000000000369	  0.8652126302412315	  9.4485949110243830	143.8836123729479368	
  4.9875000000000371	  0.8524084432573102	  9.4521235289921073	145.7171326404293552	
  5.0000000000000373	  0.8390715287295971	  9.4559789277383963	147.5740874244377210	
  5.0125000000000375	  0.8252102217951491	  9.4601743219506851	149.4547564588788191	
  5.0250000000000377	  0.8108331853191999	  9.4647227138303087	151.3594227733927937	
  5.0375000000000378	  0.7959494044811509	  9.4696368849665546	153.2883727443456223	
  5.0500000000000380	  0.7805681811591266	  9.4749293883485795	155.2418961465954794	
  5.0625000000000382	  0.7646991281166036	  9.4806125405202053	157.2202862060374002	
  5.0750000000000384	  0.7483521629947461	  9.4866984138824773	159.2238396529301383	
  5.0875000000000385	  0.7315375021142031	  9.4931988291488061	161.2528567760086844	
  5.1000000000000387	  0.7142656540902407	  9.5001253479574075	163.3076414773862268	
  5.1125000000000389	  0.6965474132651989	  9.5074892656456544	165.3885013282489638	
  5.1250000000000391	  0.6783938529623794	  9.5153016041908582	167.4957476253475477	
  5.1375000000000393	  0.6598163185655793	  9.5235731053218959	169.6296954482884871	
  5.1500000000000394	  0.6408264204285946	  9.5323142238059724	171.7906637176291724	
  5.1625000000000396	  0.6214360266191277	  9.5415351209147392	173.9789752537801348	
  5.1750000000000398	  0.6016572555016311	  9.5512456580738210	176.1949568367180063	
  5.1875000000000400	  0.5815024681637239	  9.5614553906997539	178.4389392665125911	
  5.2000000000000401	  0.5609842606909143	  9.5721735622281585	180.7112574246717713	
  5.2125000000000403	  0.5401154562944567	  9.5834090983368903	183.0122503363077726	
  5.2250000000000405	  0.5189090972972611	  9.5951706013677871	185.3422612331282266	
  5.2375000000000407	  0.4973784369828667	  9.6074663449504829	187.7016376172558125	
  5.2500000000000409	  0.4755369313125702	  9.6203042688316565	190.0907313258798013	
  5.2625000000000410	  0.4533982305158887	  9.6336919739129510	192.5098985967434544	
  5.2750000000000412	  0.4309761705596099	  9.6476367175006565	194.9595001344707157	
  5.2875000000000414	  0.4082847645007633	  9.6621454087701331	197.4399011777359192	
  5.3000000000000416	  0.3853381937289162	  9.6772246044477956	199.9514715672804073	
  5.3125000000000417	  0.3621507991032660	  9.6928805047133775	202.4945858147796685	
  5.3250000000000419	  0.3387370719900702	  9.7091189493250170	205.0696231725648602	
  5.3375000000000421	  0.3151116452060146	  9.7259454139696029	207.6769677042027524	
  5.3500000000000423	  0.2912892838731784	  9.7433650068406443	210.3170083559378440	
  5.3625000000000425	  0.2672848761913140	  9.7613824654458163	212.9901390290008578	
  5.3750000000000426	  0.2431134241332062	  9.7800021536461728	215.6967586527874801	
  5.3875000000000428	  0.2187900340689281	  9.7992280589288789	218.4372712589117782	
  5.4000000000000430	  0.1943299073248509	  9.8190637899151554	221.2120860561383608	
  5.4125000000000432	  0.1697483306833100	  9.8395125741050098	224.0216175061976287	
  5.4250000000000433	  0.1450606668288634	  9.8605772558601554	226.8662854004885787	
  5.4375000000000435	  0.1202823447471140	  9.8822602946263771	229.7465149376737372	
  5.4500000000000437	  0.0954288500820955	  9.9045637633964585	232.6627368021707127	
  5.4625000000000439	  0.0705157154582491	  9.9274893474146264	235.6153872435452001	
  5.4750000000000441	  0.0455585107730386	  9.9510383431233311	238.6049081568102679	
  5.4875000000000442	  0.0205728334662715	  9.9752116573530110	241.6317471636368168	
  5.5000000000000444	 -0.0044257012277938	 10.0000098067553473	244.6963576944804686	
  5.5125000000000446	 -0.0294214700394606	 10.0254329174803871	247.7991990716298858	
  5.5250000000000448	 -0.0543988514276294	 10.0514807250976883	250.9407365931819811	
  5.5375000000000449	 -0.0793422353427527	 10.0781525747615923	254.1214416179496141	
  5.5500000000000451	 -0.1042360329826075	 10.1054474216204735	257.3417916513071759	
  5.5625000000000453	 -0.1290646865347899	 10.1333638314697385	260.6022704319801164	
  5.5750000000000455	 -0.1538126788998413	 10.1618999816481619	263.9033680197841250	
  5.5875000000000457	 -0.1784645433889304	 10.1910536621769854	267.2455808843202476	
  5.6000000000000458	 -0.2030048733900306	 10.2208222771410853	270.6294119946321075	
  5.6125000000000460	 -0.2274183319965512	 10.2512028463113332	274.0553709098318791	
  5.6250000000000462	 -0.2516896615924044	 10.2821920070071418	277.5239738707013544	
  5.6375000000000464	 -0.2758036933875195	 10.3137860161980335	281.0357438922751498	
  5.6500000000000465	 -0.2997453568978427	 10.3459807528429089	284.5912108574131025	
  5.6625000000000467	 -0.3234996893638991	 10.3787717204655650	288.1909116113688469	
  5.6750000000000469	 -0.3470518451020305	 10.4121540499648493	291.8353900573621331	
  5.6875000000000471	 -0.3703871047824650	 10.4461225026576852	295.5251972531626734	
  5.7000000000000473	 -0.3934908846284184	 10.4806714735530786	299.2608915086929642	
  5.7125000000000474	 -0.4163487455304806	 10.5157949948550584	303.0430384846585525	
  5.7250000000000476	 -0.4389464020705890	 10.5514867396923488	306.8722112922136489	
  5.7375000000000478	 -0.4612697314499498	 10.5877400260724652	310.7489905936711239	
  5.7500000000000480	 -0.4833047823153279	 10.6245478210577371	314.6739647042650745	
  5.7625000000000481	 -0.5050377834781885	 10.6619027451606634	318.6477296949753963	
  5.7750000000000483	 -0.5264551525212419	 10.6997970769558570	322.6708894964233991	
  5.7875000000000485	 -0.5475435042870124	 10.7382227579056817	326.7440560038480726	
  5.8000000000000487	 -0.5682896592431260	 10.7771713973965753	330.8678491831725523	
  5.8125000000000488	 -0.5886806517190897	 10.8166342779829101	335.0428971781714154	
  5.8250000000000490	 -0.6087037380094129	 10.8566023608351152	339.2698364187482412	
  5.8375000000000492	 -0.6283464043380097	 10.8970662913886436	343.5493117303348072	
  5.8500000000000494	 -0.6475963746789011	 10.9380164051902806	347.8819764444223779	
  5.8625000000000496	 -0.6664416184283317	 10.9794427339381020	352.2684925102363991	
  5.8750000000000497	 -0.6848703579235066	 11.0213350117113471	356.7095306075657959	
  5.8875000000000499	 -0.7028710758032461	 11.0636826813862790	361.2057702607591523	
  5.9000000000000501	 -0.7204325222059630	 11.1064749012340460	365.7578999538993116	
  5.9125000000000503	 -0.7375437218004591	 11.1497005516964087	370.3666172471689606	
  5.9250000000000504	 -0.7541939806451509	 11.1933482423351016	375.0326288944200996	
  5.9375000000000506	 -0.7703728928714346	 11.2374063189504838	379.7566509619599628	
  5.9500000000000508	 -0.7860703471870162	 11.2818628708650390	384.5394089485671429	
  5.9625000000000510	 -0.8012765331951394	 11.3267057383671581	389.3816379067513935	
  5.9750000000000512	 -0.8159819475257650	 11.3719225203105623	394.2840825652712056	
  5.9875000000000513	 -0.8301773997748683	 11.4175005818646191	399.2474974529233691	
  6.0000000000000515	 -0.8438540182481419	 11.4634270624106982	404.2726470236192426	
  6.0125000000000517	 -0.8570032555055168	 11.5096888835796367	409.3603057827631915	
  6.0250000000000519	 -0.8696168937030342	 11.5562727574252975	414.5112584149478607	
  6.0375000000000520	 -0.8816870497287308	 11.6031651947291028	419.7262999129828245	
  6.0500000000000522	 -0.8932061801293274	 11.6503525134303558	425.0062357082722428	
  6.0625000000000524	 -0.9041670858246418	 11.6978208471770806	430.3518818025581254	
  6.0750000000000526	 -0.9145629166067801	 11.7455561539920463	435.7640649010464244	
  6.0875000000000528	 -0.9243871754212939	 11.7935442250485405	441.2436225469330111	
  6.1000000000000529	 -0.9336337224276279	 11.8417706935504263	446.7914032573469854	
  6.1125000000000531	 -0.9422967788363208	 11.8902210437109215	452.4082666607297369	
  6.1250000000000533	 -0.9503709305205609	 11.9388806198244879	458.0950836356683453	
  6.1375000000000535	 -0.9578511313998396	 11.9877346354261807	463.8527364512015652	
  6.1500000000000536	 -0.9647327065935876	 12.0367681825326969	469.6821189086182926	
  6.1625000000000538	 -0.9710113553428232	 12.0859662409593849	475.5841364847680097	
  6.1750000000000540	 -0.9766831536979876	 12.1353136877073702	481.5597064769031590	
  6.1875000000000542	 -0.9817445569712854	 12.1847953064149372	487.6097581490741959	
  6.2000000000000544	 -0.9861924019519995	 12.2343957968672576	493.7352328800981809	
  6.2125000000000545	 -0.9900239088833958	 12.2840997845585314	499.9370843131222841	
  6.2250000000000547	 -0.9932366831999798	 12.3338918303005460	506.2162785068040307	
  6.2375000000000549	 -0.9958287170240239	 12.3837564398716733	512.5737940881306258	
  6.2500000000000551	 -0.9977983904204248	 12.4336780737002481	519.0106224069000973	
  6.2625000000000552	 -0.9991444724091113	 12.4836411565762937	525.5277676918871066	
  6.2750000000000554	 -0.9998661217343668	 12.5336300873855269	532.1262472087174729	
  6.2875000000000556	 -0.9999628873905874	 12.5836292488595429	538.8070914194752277	
  6.3000000000000558	 -0.9994347089041457	 12.6336230173360988	545.5713441440667566	
  6.3125000000000560	 -0.9982819163711856	 12.6835957725233932	552.4200627233668683	
  6.3250000000000561	 -0.9965052302513234	 12.7335319072622433	559.3543181841728256	
  6.3375000000000563	 -0.9941057609173843	 12.7834158372800495	566.3751954059914624	
  6.3500000000000565	 -0.9910850079614559	 12.8332320109304572	573.4837932896863322	
  6.3625000000000567	 -0.9874448592576923	 12.8829649189126325	580.6812249280118294	
  6.3750000000000568	 -0.9831875897824550	 12.9325991039640638	587.9686177780612297	
  6.3875000000000570	 -0.9783158601925268	 12.9821191705208534	595.3471138356570691	
  6.4000000000000572	 -0.9728327151622886	 13.0315097943394438	602.8178698117116028	
  6.4125000000000574	 -0.9667415814808976	 13.0807557320737704	610.3820573105866742	
  6.4250000000000576	 -0.9600462659106557	 13.1298418308018494	618.0408630104823260	
  6.4375000000000577	 -0.9527509528079076	 13.1787530374958699	625.7954888458837104	
  6.4500000000000579	 -0.9448602015079551	 13.2274744084298455	633.6471521920967689	
  6.4625000000000581	 -0.9363789434756213	 13.2759911185189470	641.5970860519039434	
  6.4750000000000583	 -0.9273124792232459	 13.3242884705847082	649.6465392443708424	
  6.4875000000000584	 -0.9176664749980381	 13.3723519045402810	657.7967765958355812	
  6.5000000000000586	 -0.9074469592408573	 13.4201670064900078	666.0490791331143328	
  6.5125000000000588	 -0.8966603188186341	 13.4677195177376507	674.4047442789545812	
  6.5250000000000590	 -0.8853132950327871	 13.5149953436976027	682.8650860497704116	
  6.5375000000000592	 -0.8734129794061293	 13.5619805627035479	691.4314352556940548	
  6.5500000000000593	 -0.8609668092508979	 13.6086614347090453	700.1051397029775671	
  6.5625000000000595	 -0.8479825630206766	 13.6550244098746187	708.8875643987801141	
  6.5750000000000597	 -0.8344683554491165	 13.7010561370359571	717.7800917583763294	
  6.5875000000000599	 -0.8204326324784912	 13.7467434720479620	726.7841218148222424	
  6.6000000000000600	 -0.8058841659812596	 13.7920734859994081	735.9010724311151534	
  6.6125000000000602	 -0.7908320482779309	 13.8370334732930917	745.1323795148849740	
  6.6250000000000604	 -0.7752856864546614	 13.8816109595864177	754.4794972356543212	
  6.6375000000000606	 -0.7592547964841323	 13.9257937095874542	763.9438982447067019	
  6.6500000000000608	 -0.7427493971533834	 13.9695697347015972	773.5270738976008715	
  6.6625000000000609	 -0.7257798038023985	 14.0129273005240425	783.2305344793712720	
  6.6750000000000611	 -0.7083566218773539	 14.0558549341734143	793.0558094324546801	
  6.6875000000000613	 -0.6904907403025607	 14.0983414314619360	803.0044475873835381	
  6.7000000000000615	 -0.6721933246752424	 14.1403758638976900	813.0780173962872368	
  6.7125000000000616	 -0.6534758102874000	 14.1819475855145676	823.2781071692429578	
  6.7250000000000618	 -0.6343498949791283	 14.2230462395256456	833.6063253135191644	
  6.7375000000000620	 -0.6148275318278470	 14.2636617647958452	844.0643005757536912	
  6.7500000000000622	 -0.5949209216780170	 14.3037844021298106	854.6536822871109962	
  6.7625000000000624	 -0.5746425055160107	 14.3434047003710941	865.3761406114617785	
  6.7750000000000625	 -0.5540049566949011	 14.3825135223088143	876.2333667966304347	
  6.7875000000000627	 -0.5330211730140296	 14.4211020503881198	887.2270734287552614	
  6.8000000000000629	 -0.5117042686583017	 14.4591617922208719	898.3589946898074459	
  6.8125000000000631	 -0.4900675660022492	 14.4966845858931119	909.6308866183155715	
  6.8250000000000632	 -0.4681245872839810	 14.5336626050659881	921.0445273733425893	
  6.8375000000000634	 -0.4458890461542245	 14.5700883638669669	932.6017175017627778	
  6.8500000000000636	 -0.4233748391057418	 14.6059547215682564	944.3042802088874623	
  6.8625000000000638	 -0.4005960367884744	 14.6412548870495254	956.1540616324887196	
  6.8750000000000639	 -0.3775668752158460	 14.6759824230421447	968.1529311202692725	
  6.8875000000000641	 -0.3543017468677186	 14.7101312501522550	980.3027815108309824	
  6.9000000000000643	 -0.3308151916955617	 14.7436956506602002	992.6055294181908266	
  6.9125000000000645	 -0.3071218880354565	 14.7766702720939094	1005.0631155198967690	
  6.9250000000000647	 -0.2832366434346153	 14.8090501305740236	1017.6775048487957065	
  6.9375000000000648	 -0.2591743853971467	 14.8408306139286541	1030.4506870885056742	
  6.9500000000000650	 -0.2349501520548525	 14.8720074845758372	1043.3846768726468781	
  6.9625000000000652	 -0.2105790827688861	 14.9025768821718891	1056.4815140878833972	
  6.9750000000000654	 -0.1860764086681453	 14.9325353260239986	1069.7432641808331937	
  6.9875000000000655	 -0.1614574431303132	 14.9618797172655320	1083.1720184688990685	
  7.0000000000000657	 -0.1367375722114970	 14.9906073407927423	1096.7698944550782016	
  7.0125000000000659	 -0.1119322450304445	 15.0187158669616050	1110.5390361468064384	
  7.0250000000000661	 -0.0870569641133490	 15.0462033530437793	1124.4816143788948466	
  7.0375000000000663	 -0.0621272757052757	 15.0730682444407407	1138.5998271406162985	
  7.0500000000000664	 -0.0371587600542657	 15.0993093756553662	1152.8958999069998299	
  7.0625000000000666	 -0.0121670216741896	 15.1249259710203230	1167.3720859743953042	
  7.0750000000000668	  0.0128323204075653	 15.1499176451828355	1182.0306668003643153	
  7.0875000000000670	  0.0378236424114772	 15.1742844033455224	1196.8739523479605396	
  7.1000000000000671	  0.0627913255702428	 15.1980266412631391	1211.9042814344609269	
  7.1125000000000673	  0.0877197658899968	 15.2211451449952495	1227.1240220846091233	
  7.1250000000000675	  0.1125933839022994	 15.2436410904149646	1242.5355718884334237	
  7.1375000000000677	  0.1373966344007961	 15.2655160424740526	1258.1413583637045122	
  7.1500000000000679	  0.1621140161564636	 15.2867719542248981	1273.9438393230955171	
  7.1625000000000680	  0.1867300816053734	 15.3074111655999072	1289.9455032461112296	
  7.1750000000000682	  0.2112294465029142	 15.3274364019491340	1306.1488696558490119	
  7.1875000000000684	  0.2355967995384435	 15.3468507723370138	1322.5564895006616553	
  7.2000000000000686	  0.2598169119043569	 15.3656577675993002	1339.1709455407863061	
  7.2125000000000687	  0.2838746468135960	 15.3838612581614100	1355.9948527400097191	
  7.2250000000000689	  0.3077549689596463	 15.4014654916195362	1373.0308586624357758	
  7.2375000000000691	  0.3314429539131131	 15.4184750900860283	1390.2816438744268908	
  7.2500000000000693	  0.3549237974490029	 15.4348950473007314	1407.7499223517893370	
  7.2625000000000695	  0.3781828247988808	 15.4507307255100557	1425.4384418922716122	
  7.2750000000000696	  0.4012054998221217	 15.4659878521157506	1443.3499845334492875	
  7.2875000000000698	  0.4239774340905240	 15.4806725160954635	1461.4873669760681878	
  7.3000000000000700	  0.4464843958806072	 15.4947911641973235	1479.8534410129193475	
  7.3125000000000702	  0.4687123190679748	 15.5083505969109403	1498.4510939633187263	
  7.3250000000000703	  0.4906473119181826	 15.5213579642173070	1517.2832491132687665	
  7.3375000000000705	  0.5122756657686192	 15.5338207611203085	1536.3528661613743225	
  7.3500000000000707	  0.5335838635959722	 15.5457468229625793	1555.6629416705932272	
  7.3625000000000709	  0.5545585884639272	 15.5571443205286695	1575.2165095258947076	
  7.3750000000000711	  0.5751867318458173	 15.5680217549385738	1595.0166413979072786	
  7.3875000000000712	  0.5954554018170242	 15.5783879523348094	1615.0664472126320561	
  7.4000000000000714	  0.6153519311120105	 15.5882520583663524	1635.3690756273047100	
  7.4125000000000716	  0.6348638850409462	 15.5976235324729178	1655.9277145124826802	
  7.4250000000000718	  0.6539790692609839	 15.6065121419731110	1676.7455914404424675	
  7.4375000000000719	  0.6726855373973247	 15.6149279559601695	1697.8259741799686253	
  7.4500000000000721	  0.6909715985093117	 15.6228813390091119	1719.1721711976153983	
  7.4625000000000723	  0.7088258243968859	 15.6303829446992122	1740.7875321655290008	
  7.4750000000000725	  0.7262370567428379	 15.6374437089558622	1762.6754484759123898	
  7.4875000000000727	  0.7431944140863911	 15.6440748432159680	1784.8393537622202984	
  7.5000000000000728	  0.7596872986237587	 15.6502878274211739	1807.2827244271707059	
  7.5125000000000730	  0.7757054028314249	 15.6560944028432694	1830.0090801776600529	
  7.5250000000000732	  0.7912387159080094	 15.6615065647462739	1853.0219845666726997	
  7.5375000000000734	  0.8062775300306912	 15.6665365548897828	1876.3250455422728464	
  7.5500000000000735	  0.8208124464222796	 15.6711968538782767	1899.9219160037694110	
  7.5625000000000737	  0.8348343812251425	 15.6755001733611419	1923.8162943651466321	
  7.5750000000000739	  0.8483345711783203	 15.6794594480883092	1948.0119251258520308	
  7.5875000000000741	  0.8613045790942764	 15.6830878278264425	1972.5125994490367702	
  7.6000000000000743	  0.8737362991318631	 15.6863986691407788	1997.3221557473405028	
  7.6125000000000744	  0.8856219618622071	 15.6894055270476986	2022.4444802763191547	
  7.6250000000000746	  0.8969541391243470	 15.6921221465432836	2047.8835077356104648	
  7.6375000000000748	  0.9077257486675907	 15.6945624540131430	2073.6432218779359573	
  7.6500000000000750	  0.9179300585776898	 15.6967405485288793	2099.7276561260373455	
  7.6625000000000751	  0.9275606914840646	 15.6986706930366129	2126.1408941976483220	
  7.6750000000000753	  0.9366116285454512	 15.7003673054431161	2152.8870707386013237	
  7.6875000000000755	  0.9450772132114794	 15.7018449496050945	2179.9703719641720454	
  7.7000000000000757	  0.9529521547578306	 15.7031183262272300	2207.3950363087665210	
  7.7125000000000759	  0.9602315315927661	 15.7042022636747465	2235.1653550840496791	
  7.7250000000000760	  0.9669107943329599	 15.7051117087061396	2263.2856731456281523	
  7.7375000000000762	  0.9729857686467129	 15.7058617171319526	2291.7603895683892006	
  7.7500000000000764	  0.9784526578627725	 15.7064674444053836	2320.5939583306021632	
  7.7625000000000766	  0.9833080453431259	 15.7069441361506055	2349.7908890068974870	
  7.7750000000000767	  0.9875488966182858	 15.7073071186347608	2379.3557474702270156	
  7.7875000000000769	  0.9911725612837329	 15.7075717891895490	2409.2931566029196802	
  7.8000000000000771	  0.9941767746563298	 15.7077536065883763	2439.6077970169471882	
  7.8125000000000773	  0.9965596591896727	 15.7078680813851346	2470.3044077835083954	
  7.8250000000000774	  0.9983197256474936	 15.7079307662206080	2501.3877871720533221	
  7.8375000000000776	  0.9994558740343829	 15.7079572461025858	2532.8627933988586847	
  7.8500000000000778	  0.9999673942832478	 15.7079631286657317	2564.7343453852745370	
  7.8625000000000780	  0.9998539666990791	 15.7079640344173121	2597.0074235257607143	
  7.8750000000000782	  0.9991156621587479	 15.7079755869749036	2629.6870704658344948	
  7.8875000000000783	  0.9977529420667067	 15.7080134033021270	2662.7783918900495337	
  7.9000000000000785	  0.9957666580666248	 15.7080930839485600	2696.2865573201297593	
  7.9125000000000787	  0.9931580515091359	 15.7082302032998964	2730.2168009233828343	
  7.9250000000000789	  0.9899287526760320	 15.7084402998444634	2764.5744223315191448	
  7.9375000000000790	  0.9860807797613873	 15.7087388664621699	2799.3647874700045577	
  7.9500000000000792	  0.9816165376102507	 15.7091413407419722	2834.5933293980724557	
  7.9625000000000794	  0.9765388162156927	 15.7096630953338590	2870.2655491595296553	
  7.9750000000000796	  0.9708507889751480	 15.7103194283414638	2906.3870166444858114	
  7.9875000000000798	  0.9645560107071427	 15.7111255537612351	2942.9633714621386389	
  8.0000000000000799	  0.9576584154296455	 15.7120965919742002	2980.0003238247509216	
  8.0125000000000792	  0.9501623139014318	 15.7132475602962050	3017.5036554429575517	
  8.0250000000000785	  0.9420723909279978	 15.7145933635926038	3055.4792204325362945	
  8.0375000000000778	  0.9333937024337057	 15.7161487849631669	3093.9329462327846159	
  8.0500000000000771	  0.9241316723019931	 15.7179284765031237	3132.8708345366449066	
  8.0625000000000764	  0.9142920889856190	 15.7199469501460989	3172.2989622327181678	
  8.0750000000000757	  0.9038811018890661	 15.7222185685946290	3212.2234823593121291	
  8.0875000000000750	  0.8929052175253608	 15.7247575363439136	3252.6506250706702303	
  8.1000000000000743	  0.8813712954497103	 15.7275778908044970	3293.5866986155288032	
  8.1125000000000735	  0.8692865439725013	 15.7306934935293246	3335.0380903281529754	
  8.1250000000000728	  0.8566585156543376	 15.7341180215507492	3377.0112676320004539	
  8.1375000000000721	  0.8434951025859322	 15.7378649588327821	3419.5127790561718939	
  8.1500000000000714	  0.8298045314558039	 15.7419475878440984	3462.5492552647961020	
  8.1625000000000707	  0.8155953584088619	 15.7463789812568962	3506.1274100995119625	
  8.1750000000000700	  0.8008764636990900	 15.7511719937769303	3550.2540416352035209	
  8.1875000000000693	  0.7856570461396740	 15.7563392541097027	3594.9360332491519330	
  8.2000000000000686	  0.7699466173540388	 15.7618931570679699	3640.1803547037611679	
  8.2125000000000679	  0.7537549958313904	 15.7678458558253514	3685.9940632430307232	
  8.2250000000000671	  0.7370923007904759	 15.7742092543210113	3732.3843047029331501	
  8.2375000000000664	  0.7199689458553978	 15.7809949998200914	3779.3583146358714657	
  8.2500000000000657	  0.7023956325474342	 15.7882144756345255	3826.9234194493833456	
  8.2625000000000650	  0.6843833435969323	 15.7958787940088445	3875.0870375592685377	
  8.2750000000000643	  0.6659433360794561	 15.8039987891754024	3923.8566805573113925	
  8.2875000000000636	  0.6470871343804766	 15.8125850105833088	3973.2399543937754061	
  8.3000000000000629	  0.6278265229930022	 15.8216477163053888	4023.2445605748525850	
  8.3125000000000622	  0.6081735391526505	 15.8311968666271952	4073.8782973752454382	
  8.3250000000000615	  0.5881404653147633	 15.8412421178221674	4125.1490610660666789	
  8.3375000000000608	  0.5677398214782681	 15.8517928161167703	4177.0648471582435377	
  8.3500000000000600	  0.5469843573610823	 15.8628579918494150	4229.6337516616140420	
  8.3625000000000593	  0.5258870444319504	 15.8744463538267802	4282.8639723599026183	
  8.3750000000000586	  0.5044610678036939	 15.8865662838810842	4336.7638101017773806	
  8.3875000000000579	  0.4827198179929408	 15.8992258316317407	4391.3416701081723659	
  8.4000000000000572	  0.4606768825514844	 15.9124327094545652	4446.6060632960843577	
  8.4125000000000565	  0.4383460375745012	 15.9261942876618203	4502.5656076190325621	
  8.4250000000000558	  0.4157412390909356	 15.9405175898959985	4559.2290294243948665	
  8.4375000000000551	  0.3928766143414311	 15.9554092887402703	4616.6051648278216817	
  8.4500000000000544	  0.3697664529492604	 15.9708757015483265	4674.7029611049320010	
  8.4625000000000536	  0.3464251979897715	 15.9869227864962884	4733.5314781005054101	
  8.4750000000000529	  0.3228674369639312	 16.0035561388589684	4793.0998896553874147	
  8.4875000000000522	  0.2991078926816069	 16.0207809875130600	4853.4174850513145429	
  8.5000000000000515	  0.2751614140602848	 16.0386021916692130	4914.4936704738856861	
  8.5125000000000508	  0.2510429668449751	 16.0570242378352148	4976.3379704938988652	
  8.5250000000000501	  0.2267676242551029	 16.0760512370120559	5038.9600295672753418	
  8.5375000000000494	  0.2023505575642325	 16.0956869221246990	5102.3696135538020826	
  8.5500000000000487	  0.1778070266185096	 16.1159346456890944	5166.5766112549190439	
  8.5625000000000480	  0.1531523702997495	 16.1367973777170022	5231.5910359707831958	
  8.5750000000000473	  0.1284019969391293	 16.1582777038597953	5297.4230270768548507	
  8.5875000000000465	  0.1035713746874779	 16.1803778237925293	5364.0828516202291212	
  8.6000000000000458	  0.0786760218481794	 16.2030995498392159	5431.5809059359680759	
  8.6125000000000451	  0.0537314971787331	 16.2264443058401611	5499.9277172836737009	
  8.6250000000000444	  0.0287533901670312	 16.2504131262621279	5569.1339455045472278	
  8.6375000000000437	  0.0037573112884305	 16.2750066555518238	5639.2103846991885803	
  8.6500000000000430	 -0.0212411177502921	 16.3002251477331228	5710.1679649263951433	
  8.6625000000000423	 -0.0462262737740038	 16.3260684662483371	5782.0177539232063282	
  8.6750000000000416	 -0.0711825419031978	 16.3525360840435319	5854.7709588464667831	
  8.6875000000000409	 -0.0960943253127901	 16.3796270838979368	5928.4389280361656347	
  8.7000000000000401	 -0.1209460549796343	 16.4073401589971510	6003.0331528008237001	
  8.7125000000000394	 -0.1457221994126601	 16.4356736137498807	6078.5652692251942426	
  8.7250000000000387	 -0.1704072743595557	 16.4646253648476275	6155.0470600005592132	
  8.7375000000000380	 -0.1949858524839279	 16.4941929425666665	6232.4904562778965555	
  8.7500000000000373	 -0.2194425730068919	 16.5243734923115504	6310.9075395441977889	
  8.7625000000000366	 -0.2437621513070640	 16.5551637763991586	6390.3105435222259985	
  8.7750000000000359	 -0.2679293884729594	 16.5865601760820986	6470.7118560939989038	
  8.7875000000000352	 -0.2919291808018240	 16.6185586938103427	6552.1240212482953211	
  8.8000000000000345	 -0.3157465292389630	 16.6511549557295382	6634.5597410524796942	
  8.8125000000000338	 -0.3393665487516700	 16.6843442144145300	6718.0318776489402808	
  8.8250000000000330	 -0.3627744776318937	 16.7181213518363592	6802.5534552764574983	
  8.8375000000000323	 -0.3859556867218324	 16.7524808825608531	6888.1376623167952857	
  8.8500000000000316	 -0.4088956885566886	 16.7874169571768306	6974.7978533668456294	
  8.8625000000000309	 -0.4315801464188701	 16.8229233659517945	7062.5475513366254745	
  8.8750000000000302	 -0.4539948832979795	 16.8589935427128097	7151.4004495734634475	
  8.8875000000000295	 -0.4761258907509915	 16.8956205689501644	7241.3704140126837956	
  8.9000000000000288	 -0.4979593376570815	 16.9327971781411826	7332.4714853551349734	
  8.9125000000000281	 -0.5194815788616333	 16.9705157602915833	7424.7178812718793779	
  8.9250000000000274	 -0.5406791637040247	 17.0087683666914664	7518.1239986363952994	
  8.9375000000000266	 -0.5615388444238604	 17.0475467148829871	7612.7044157846257804	
  8.9500000000000259	 -0.5820475844403991	 17.0868421938366595	7708.4738948032209009	
  8.9625000000000252	 -0.6021925664999996	 17.1266458693329113	7805.4473838463300126	
  8.9750000000000245	 -0.6219612006864965	 17.1669484895457138	7903.6400194812931659	
  8.9875000000000238	 -0.6413411322894954	 17.2077404908246585	8003.0671290635964397	
  9.0000000000000231	 -0.6603202495256740	 17.2490120036719041	8103.7442331414558794	
  9.0125000000000224	 -0.6788866911082608	 17.2907528589103521	8205.6870478903929325	
  9.0250000000000217	 -0.6970288536599615	 17.3329525940389715	8308.9114875781888259	
  9.0375000000000210	 -0.7147353989647015	 17.3756004597715652	8413.4336670605844120	
  9.0500000000000203	 -0.7319952610536509	 17.4186854267547240	8519.2699043081174750	
  9.0625000000000195	 -0.7487976531211035	 17.4621961924607731	8626.4367229644813051	
  9.0750000000000188	 -0.7651320742658886	 17.5061211882515302	8734.9508549368074455	
  9.0875000000000181	 -0.7809883160541025	 17.5504485866082511	8844.8292430182646058	
  9.1000000000000174	 -0.7963564688990559	 17.5951663085235595	8956.0890435433757375	
  9.1125000000000167	 -0.8112269282544525	 17.6402620310503266	9068.7476290764734586	
  9.1250000000000160	 -0.8255904006169288	 17.6857231950031206	9182.8225911337030993	
  9.1375000000000153	 -0.8394379093342000	 17.7315370128073191	9298.3317429389917379	
  9.1500000000000146	 -0.8527608002151867	 17.7776904764909247	9415.2931222144143248	
  9.1625000000000139	 -0.8655507469386119	 17.8241703658140551	9533.7249940053861792	
  9.1750000000000131	 -0.8777997562566919	 17.8709632565312759	9653.6458535411147750	
  9.1875000000000124	 -0.8895001729906657	 17.9180555287812204	9775.0744291307655658	
  9.2000000000000117	 -0.9006446848150432	 17.9654333755986251	9898.0296850957747665	
  9.2125000000000110	 -0.9112263268275815	 18.0130828115431108	10022.5308247387802112	
  9.2250000000000103	 -0.9212384859021335	 18.0609896814397821	10148.5972933496123005	
  9.2375000000000096	 -0.9306749048216468	 18.1091396692256374	10276.2487812488307100	
  9.2500000000000089	 -0.9395296861887327	 18.1575183068966410	10405.5052268692634243	
  9.2625000000000082	 -0.9477972961113584	 18.2061109835498272	10536.3868198760355881	
  9.2750000000000075	 -0.9554725676613619	 18.2549029545145522	10668.9140043255665660	
  9.2875000000000068	 -0.9625507041036245	 18.3038793505674917	10803.1074818640354351	
  9.3000000000000060	 -0.9690272818938871	 18.3530251872253416	10938.9882149658023991	
  9.3125000000000053	 -0.9748982534433331	 18.4023253741097292	11076.5774302122881636	
  9.3250000000000046	 -0.9801599496482114	 18.4517647243781582	11215.8966216118387820	
  9.3375000000000039	 -0.9848090821829196	 18.5013279642152213	11356.9675539610743726	
  9.3500000000000032	 -0.9888427455551135	 18.5509997423783588	11499.8122662482455780	
  9.3625000000000025	 -0.9922584189215571	 18.6007646397917874	11644.4530750991489185	
  9.3750000000000018	 -0.9950539676635810	 18.6506071791829555	11790.9125782661049016	
  9.3875000000000011	 -0.9972276447211630	 18.7005118347552859	11939.2136581605809624	
  9.4000000000000004	 -0.9987780916847968	 18.7504630418913649	12089.3794854299703729	
  9.4124999999999996	 -0.9997043396444670	 18.8004452068802799	12241.4335225791182893	
  9.4249999999999989	 -1.0000058097952003	 18.8504427166631245	12395.3995276371424552	
  9.4374999999999982	 -0.9996823137988141	 18.9004399485907228	12551.3015578701269988	
  9.4499999999999975	 -0.9987340539016349	 18.9504212801872747	12709.1639735402641236	
  9.4624999999999968	 -0.9971616228081160	 19.0003710989138028	12869.0114417120385042	
  9.4749999999999961	 -0.9949660033104304	 19.0502738119255746	13030.8689401060419186	
  9.4874999999999954	 -0.9921485676742727	 19.1001138558170673	13194.7617610010238423	
  9.4999999999999947	 -0.9887110767812528	 19.1498757063485741	13360.7155151847946399	
  9.5124999999999940	 -0.9846556790284172	 19.1995438881483800	13528.7561359545816231	
  9.5249999999999932	 -0.9799849089855861	 19.2491029843843542	13698.9098831674855319	
  9.5374999999999925	 -0.9747016858113452	 19.2985376463989340	13871.2033473416540801	
  9.5499999999999918	 -0.9688093114286823	 19.3478326033015549	14045.6634538088255795	
  9.5624999999999911	 -0.9623114684614091	 19.3969726715124828	14222.3174669188847474	
  9.5749999999999904	 -0.9552122179326568	 19.4459427642519920	14401.1929942970982665	
  9.5874999999999897	 -0.9475159967268856	 19.4947279009691314	14582.3179911546885705	
  9.5999999999999890	 -0.9392276148169938	 19.5433132167040462	14765.7207646534297965	
  9.6124999999999883	 -0.9303522522582576	 19.5916839713781776	14951.4299783249371103	
  9.6249999999999876	 -0.9208954559509820	 19.6398255590062476	15139.4746565453569929	
  9.6374999999999869	 -0.9108631361738863	 19.6877235168245370	15329.8841890661515208	
  9.6499999999999861	 -0.9002615628903896	 19.7353635343296290	15522.6883356016896869	
  9.6624999999999854	 -0.8890973618301063	 19.7827314622220420	15717.9172304743660789	
  9.6749999999999847	 -0.8773775103479983	 19.8298133212489986	15915.6013873179726943	
  9.6874999999999840	 -0.8651093330637739	 19.8765953109410844	16115.7717038400660385	
  9.6999999999999833	 -0.8523004972842575	 19.9230638182370292	16318.4594666440734727	
  9.7124999999999826	 -0.8389590082115910	 19.9692054259914364	16523.6963561119009682	
  9.7249999999999819	 -0.8250932039402626	 20.0150069213600688	16731.5144513478044246	
  9.7374999999999812	 -0.8107117502460881	 20.0604553040574558	16941.9462351842921635	
  9.7499999999999805	 -0.7958236351704023	 20.1055377944815561	17155.0245992508789641	
  9.7624999999999797	 -0.7804381634028474	 20.1502418417006446	17370.7828491064319678	
  9.7749999999999790	 -0.7645649504662638	 20.1945551312973066	17589.2547094359797484	
  9.7874999999999783	 -0.7482139167073214	 20.2384655930643795	17810.4743293127321522	
  9.7999999999999776	 -0.7313952810966482	 20.2819614085485327	18034.4762875262131274	
  9.8124999999999769	 -0.7141195548423269	 20.3250310184364125	18261.2955979772705177	
  9.8249999999999762	 -0.6963975348207522	 20.3676631297788795	18490.9677151408541249	
  9.8374999999999755	 -0.6782402968289568	 20.4098467230484886	18723.5285395974315179	
  9.8499999999999748	 -0.6596591886626220	 20.4515710590266551	18959.0144236338564951	
  9.8624999999999741	 -0.6406658230240944	 20.4928256855151147	19197.4621769146324368	
  9.8749999999999734	 -0.6212720702648507	 20.5336004438681421	19438.9090722244254721	
  9.8874999999999726	 -0.6014900509669352	 20.5738854753415801	19683.3928512827333179	
  9.8999999999999719	 -0.5813321283680145	 20.6136712272540592	19930.9517306316447502	
  9.9124999999999712	 -0.5608109006347795	 20.6529484589571410	20181.6244075975882879	
  9.9249999999999705	 -0.5399391929895251	 20.6917082476104852	20435.4500663280268782	
  9.9374999999999698	 -0.5187300496948291	 20.7299419937581426	20692.4683839040408202	
  9.9499999999999691	 -0.4971967259013367	 20.7676414267031682	20952.7195365297666285	
  9.9624999999999684	 -0.4753526793637479	 20.8047986096763147	21216.2442057996522635	
  9.9749999999999677	 -0.4532115620301835	 20.8414059447964526	21483.0835850445255346	
  9.9874999999999670	 -0.4307872115101876	 20.8774561778188321	21753.2793857574688445	
  9.9999999999999662	 -0.4080936424266978	 20.9129424026687865	22026.8738441005152708	
