  0.0000000000000000	 -1.0000000000000000	  0.0000000000000000	  2.0000000000000000	
  0.1000000000000000	 -0.9800668073091735	  0.3986670019724629	  2.0852376406425068	
  0.2000000000000000	 -0.9210624541991751	  0.7894138738342698	  2.1424650250498694	
  0.3000000000000000	 -0.8253392267223909	  1.1646363548220018	  2.1751977237849283	
  0.4000000000000000	 -0.6967132353601565	  1.5173490833621048	  2.1885374754408415	
  0.5000000000000000	 -0.5403122815046915	  1.8414640734667445	  2.1890329201015288	
  0.6000000000000000	 -0.3623714324941953	  2.1320334163068120	  2.1844893945861275	
  0.7000000000000000	 -0.1699844548090081	  2.3854465315058824	  2.1837360814057836	
  0.7999999999999999	  0.0291789852214515	  2.5995741046184189	  2.1963605780708626	
  0.8999999999999999	  0.2271790791549696	  2.7738529726594523	  2.2324223346250998	
  0.9999999999999999	  0.4161224033236177	  2.9093085737101663	  2.3021573408115463	
  1.0999999999999999	  0.5884765962692441	  3.0085140656837797	  2.4156868937897351	
  1.2000000000000000	  0.7373706418658577	  3.0754877440703754	  2.5827432259121994	
  1.3000000000000000	  0.8568687871188820	  3.1155328482373621	  2.8124242228949496	
  1.4000000000000001	  0.9422071747159041	  3.1350261425839414	  3.1129884389052571	
  1.5000000000000002	  0.9899837568186086	  3.1411637009728204	  3.4917001588167684	
  1.6000000000000003	  0.9982939190735787	  3.1416740289797906	  3.9547324287057672	
  1.7000000000000004	  0.9668064081306862	  3.1445099605962668	  4.5071338481665704	
  1.8000000000000005	  0.8967765358096655	  3.1575316121828041	  5.1528625788592537	
  1.9000000000000006	  0.7909961335733136	  3.1881930329704207	  5.8948885681512646	
  2.0000000000000004	  0.6536822524643695	  3.2432450440295963	  6.7353625149111673	
  2.1000000000000005	  0.4903090456209726	  3.3284661122498256	  7.6758477174767554	
  2.2000000000000006	  0.3073895355521662	  3.4484319882244789	  8.7176087394511868	
  2.3000000000000007	  0.1122159662317260	  3.6063332915728012	  9.8619488981856254	
  2.4000000000000008	 -0.0874309088910671	  3.8038483157606251	 11.1105870039032446	
  2.5000000000000009	 -0.2835920134809173	  4.0410761231063841	 12.4660626209689376	
  2.6000000000000010	 -0.4684472436642825	  4.3165325971390764	 13.9321584370006573	
  2.7000000000000011	 -0.6346272229089802	  4.6272096096283049	 15.5143281422078694	
  2.8000000000000012	 -0.7755070880964006	  4.9686949434905170	 17.2201185528287191	
  2.9000000000000012	 -0.8854705947996857	  5.3353481906970179	 19.0595755511207905	
  3.0000000000000013	 -0.9601340130408348	  5.7205256128261972	 21.0456247327056936	
  3.1000000000000014	 -0.9965208877943285	  6.1168449999743340	 23.1944194043552727	
  3.2000000000000015	 -0.9931806973295544	  6.5164799691812414	 25.5256506991259755	
  3.3000000000000016	 -0.9502466790486761	  6.9114719699068425	 28.0628169946590269	
  3.4000000000000017	 -0.8694305176180170	  7.2940475581994439	 30.8334524471297051	
  3.5000000000000018	 -0.7539541072292228	  7.6569282911666594	 33.8693171930859265	
  3.6000000000000019	 -0.6084211084176705	  7.9936208875681807	 37.2065545261498301	
  3.7000000000000020	 -0.4386334200028968	  8.2986760870665872	 40.8858230277224663	
  3.8000000000000020	 -0.2513598827160103	  8.5679058885346144	 44.9524141274707887	
  3.9000000000000021	 -0.0540664353970701	  8.7985505070773691	 49.4563678059512455	
  4.0000000000000018	  0.1453815186355505	  8.9893883939377321	 54.4526010556442799	
  4.1000000000000014	  0.3390326695838937	  9.1407849333010454	 60.0010652303517560	
  4.2000000000000011	  0.5191667832457144	  9.2546778747115841	 66.1669494962410880	
  4.3000000000000007	  0.6786024703771214	  9.3345000818983888	 73.0209482299868711	
  4.4000000000000004	  0.8109834738305970	  9.3850426777367346	 80.6396103899829200	
  4.5000000000000000	  0.9110320603663504	  9.4122640412222367	 89.1057886355993247	
  4.5999999999999996	  0.9747594154355627	  9.4230522709800901	 98.5092053271420696	
  4.6999999999999993	  0.9996246533448538	  9.4249505849165551	108.9471515645136179	
  4.7999999999999989	  0.9846361036974359	  9.4258566031891586	120.5253341913067260	
  4.8999999999999986	  0.9303908362029656	  9.4337075028221182	133.3588842930353735	
  4.9999999999999982	  0.8390508481157491	  9.4561635955183334	147.5735392541938609	
  5.0999999999999979	  0.7142568635431266	  9.5003029430657975	163.3070090169848072	
  5.1999999999999975	  0.5609831810019813	  9.5723391846995707	180.7105359165693130	
  5.2999999999999972	  0.3853393557395944	  9.6773738254032438	199.9506564649225311	
  5.3999999999999968	  0.1943266227853200	  9.8191928603073162	221.2111728249990392	
  5.4999999999999964	 -0.0044412290317922	 10.0001158428353065	244.6953415583224967	
  5.5999999999999961	 -0.2030414047057877	 10.2209034135247592	270.6282876307116112	
  5.6999999999999957	 -0.3935579713710865	 10.4807269758583690	299.2596526973377991	
  5.7999999999999954	 -0.5683974552336316	 10.7772017278910575	330.8664884186092081	
  5.8999999999999950	 -0.7205915858975411	 11.1064817327215781	365.7564080243004696	
  5.9999999999999947	 -0.8440751192950688	 11.4634132376224240	404.2710125690385325	
  6.0999999999999943	 -0.9339276639894560	 11.8417401295067570	446.7896123144369653	
  6.1999999999999940	 -0.9865698707086162	 12.2343533359493737	493.7332684222475336	
  6.2999999999999936	 -0.9999061643717608	 12.6335742290491133	545.5691856248248541	
  6.3999999999999932	 -0.9734083290593565	 13.0314607338646660	602.8154927181011544	
  6.4999999999999929	 -0.9081366143881356	 13.4201239380136812	666.0464545536957530	
  6.5999999999999925	 -0.8066975225838289	 13.7920425803804410	735.8981666414999836	
  6.6999999999999922	 -0.6731399598966981	 14.1403628814186408	813.0747914622735379	
  6.7999999999999918	 -0.5127938932444189	 14.4591717618922342	898.3554040855025278	
  6.8999999999999915	 -0.3320579451347836	 14.7437325577721356	992.6015236534877886	
  6.9999999999999911	 -0.1381443956392740	 14.9906738341065928	1096.7654167037612751	
  7.0999999999999908	  0.0612082416961435	 15.1981237704038534	1211.8992681511313094	
  7.1999999999999904	  0.2580436102995558	 15.3657847598687809	1339.1653260518251045	
  7.2999999999999901	  0.4445045716958399	 15.4949452482191248	1479.8471370639358611	
  7.3999999999999897	  0.6131462957970051	 15.5884283397547971	1635.3620008670220614	
  7.4999999999999893	  0.7572328969762707	 15.6504792191234898	1807.2747838055790908	
  7.5999999999999890	  0.8710057883025877	 15.6865958763235618	1997.3132448042078977	
  7.6999999999999886	  0.9499130535652993	 15.7033098826742243	2207.3850403273017946	
  7.7999999999999883	  0.9907906905220472	 15.7079259566578013	2439.5965900165388121	
  7.8999999999999879	  0.9919884972097348	 15.7082307013197511	2696.2740008616301566	
  7.9999999999999876	  0.9534355796857827	 15.7121821238060573	2979.9862656016812252	
  8.0999999999999872	  0.8766428662459561	 15.7275923136347267	3293.5709708047829736	
  8.1999999999999869	  0.7646425240471320	 15.7618159288989155	3640.1627720497754126	
  8.2999999999999865	  0.6218666890452005	 15.8214569079118963	4023.2249181816850978	
  8.3999999999999861	  0.4539703389727938	 15.9121050970717217	4446.5841341022660345	
  8.4999999999999858	  0.2676053652951348	 16.0381132929059262	4914.4692023851157501	
  8.5999999999999854	  0.0701548449383311	 16.2024235849138982	5431.5536185905893944	
  8.6999999999999851	 -0.1305619014570673	 16.4064499201846061	6003.0027339423440935	
  8.7999999999999847	 -0.3266017141771709	 16.6500215691962872	6634.5258424820813161	
  8.8999999999999844	 -0.5102150160998913	 16.9313897440555756	7332.4337184349315066	
  8.9999999999999840	 -0.6741556064878804	 17.2472971025067814	8103.7021638161304509	
  9.0999999999999837	 -0.8119704871976821	 17.5931073637130986	8956.0421868435878423	
  9.1999999999999833	 -0.9182581788340369	 17.9629898650280566	9897.9774990812729811	
  9.2999999999999829	 -0.9888852419058207	 18.3501516982922332	10938.9300940594221174	
  9.3999999999999826	 -1.0211523857379265	 18.7471081669181565	12089.3147530856003868	
  9.4999999999999822	 -1.0139035592940617	 19.1459807768185399	13360.6434158227621083	
  9.5999999999999819	 -0.9675736930021972	 19.5388108759814934	14765.6404547858128353	
  9.6999999999999815	 -0.8841732084767947	 19.9178764329936016	16318.3700050998850202	
  9.7999999999999812	 -0.7672099361403071	 20.2759993189348506	18034.3766246724262601	
  9.8999999999999808	 -0.6215515786012445	 20.6068308348376910	19930.8406964705500286	
  9.9999999999999805	 -0.4532342306993482	 20.9051040932243808	22026.7501351068895019	
