  0.0000000000000000	 -1.0000000000000000	  0.0000000000000000	  2.0000000000000000	
  0.0250000000000000	 -0.9987502605527253	  0.0999791669901144	  2.0240653809954336	
  0.0500000000000000	 -0.9950041658409424	  0.1998334121068942	  2.0462752620493880	
  0.0750000000000000	 -0.9887710791498571	  0.2994381257144278	  2.0666552297767575	
  0.1000000000000000	 -0.9800665799487704	  0.3986693218755913	  2.0852374976720771	
  0.1250000000000000	 -0.9689124249505225	  0.4974039482522882	  2.1020608775657732	
  0.1500000000000000	 -0.9553364937310450	  0.5955201936721780	  2.1171707359037195	
  0.1750000000000000	 -0.9393727190449467	  0.6928977925931377	  2.1306189349926852	
  0.2000000000000000	 -0.9210610020113063	  0.7894183257044516	  2.1424637593926823	
  0.2250000000000000	 -0.9004471123816641	  0.8849655159133862	  2.1527698276752059	
  0.2500000000000000	 -0.8775825741394900	  0.9794255189773354	  2.1616079898038274	
  0.2750000000000000	 -0.8525245367170705	  1.0726872080551075	  2.1690552104304492	
  0.3000000000000000	 -0.8253356321517040	  1.1646424514661256	  2.1751944384366571	
  0.3250000000000000	 -0.7960838185382413	  1.2551863829632859	  2.1801144630849483	
  0.3500000000000000	 -0.7648422101692566	  1.3442176638439352	  2.1839097571790629	
  0.3750000000000001	 -0.7316888947874113	  1.4316387362438234	  2.1866803076661094	
  0.4000000000000001	 -0.6967067384067841	  1.5173560669809316	  2.1885314341456130	
  0.4250000000000001	 -0.6599831781910119	  1.6012803813396903	  2.1895735957818760	
  0.4500000000000001	 -0.6216100039059391	  1.6833268862112516	  2.1899221871461285	
  0.4750000000000001	 -0.5816831284930288	  1.7634154820320784	  2.1896973235437103	
  0.5000000000000001	 -0.5403023483369842	  1.8414709629911172	  2.1890236164089583	
  0.5250000000000001	 -0.4975710938267847	  1.9174232050051379	  2.1880299393764555	
  0.5500000000000002	 -0.4535961708336053	  1.9912073409924032	  2.1868491856618077	
  0.5750000000000002	 -0.4084874937517889	  2.0627639230065733	  2.1856180174080548	
  0.6000000000000002	 -0.3623578107701313	  2.1320390708255950	  2.1844766076751689	
  0.6250000000000002	 -0.3153224220601555	  2.1989846066241814	  2.1835683757697670	
  0.6500000000000002	 -0.2674988915857600	  2.2635581753932712	  2.1830397166301330	
  0.6750000000000003	 -0.2190067532545650	  2.3257233508054811	  2.1830397249978613	
  0.7000000000000003	 -0.1699672121454266	  2.3854497262619430	  2.1837199151218547	
  0.7250000000000003	 -0.1205028415588931	  2.4427129908929568	  2.1852339367529989	
  0.7500000000000003	 -0.0707372766478202	  2.4974949903224966	  2.1877372881985697	
  0.7750000000000004	 -0.0207949053939087	  2.5497837720446901	  2.1913870272142804	
  0.8000000000000004	  0.0291994422974368	  2.5995736152988540	  2.1963414805188113	
  0.8250000000000004	  0.0791208066068298	  2.6468650453684135	  2.2027599527206880	
  0.8500000000000004	  0.1288444101353388	  2.6916648322679677	  2.2108024354504541	
  0.8750000000000004	  0.1782459697829701	  2.7339859738217775	  2.2206293174922296	
  0.9000000000000005	  0.2272020073916593	  2.7738476631759776	  2.2324010967079486	
  0.9250000000000005	  0.2755901583763281	  2.8112752408257107	  2.2462780945448206	
  0.9500000000000005	  0.3232894775725884	  2.8463001312770908	  2.2624201739119019	
  0.9750000000000005	  0.3701807415366344	  2.8789597645023126	  2.2809864612050590	
  1.0000000000000004	  0.4161467465417300	  2.9092974823842210	  2.3021350732511277	
  1.0250000000000004	  0.4610726015264565	  2.9373624303841872	  2.3260228499316820	
  1.0500000000000003	  0.5048460152625009	  2.9632094347040612	  2.3528050932346249	
  1.0750000000000002	  0.5473575770242169	  2.9868988652492332	  2.3826353134677527	
  1.1000000000000001	  0.5885010300584298	  3.0084964847353257	  2.4156649833526229	
  1.1250000000000000	  0.6281735371709533	  3.0280732843156675	  2.4520433006994913	
  1.1499999999999999	  0.6662759377659905	  3.0457053061404014	  2.4919169603448026	
  1.1749999999999998	  0.7027129956959552	  3.0614734532907284	  2.5354299360118184	
  1.1999999999999997	  0.7373936373022170	  3.0754632875633594	  2.5827232727324438	
  1.2249999999999996	  0.7702311790517919	  3.0877648156106035	  2.6339348904442690	
  1.2499999999999996	  0.8011435442010085	  3.0984722639706357	  2.6891993993513261	
  1.2749999999999995	  0.8300534679445987	  3.1076838435502467	  2.7486479276101203	
  1.2999999999999994	  0.8568886905374511	  3.1155015041487486	  2.8124079618742241	
  1.3249999999999993	  0.8815821379063217	  3.1220306796365969	  2.8806032012011817	
  1.3499999999999992	  0.9040720893000663	  3.1273800244256496	  2.9533534247947348	
  1.3749999999999991	  0.9243023315593577	  3.1316611418897531	  3.0307743740235296	
  1.3999999999999990	  0.9422222996202922	  3.1349883054144563	  3.1129776491245758	
  1.4249999999999989	  0.9577872029007012	  3.1374781727730898	  3.2000706209659078	
  1.4499999999999988	  0.9709581372532665	  3.1392494945431166	  3.2921563582081830	
  1.4749999999999988	  0.9817021822056167	  3.1404228172915634	  3.3893335701694953	
  1.4999999999999987	  0.9899924832443523	  3.1411201822714134	  3.4916965656615200	
  1.5249999999999986	  0.9958083189373359	  3.1414648203820636	  3.5993352280283557	
  1.5499999999999985	  0.9991351527264732	  3.1415808441562856	  3.7123350065821890	
  1.5749999999999984	  0.9999646692615327	  3.1415929375435634	  3.8307769245922545	
  1.5999999999999983	  0.9982947951841864	  3.1416260442651853	  3.9547376039456101	
  1.6249999999999982	  0.9941297043103238	  3.1418050555200443	  4.0842893065600805	
  1.6499999999999981	  0.9874798071976848	  3.1422544978217144	  4.2194999925914436	
  1.6749999999999980	  0.9783617251248886	  3.1430982217470524	  4.3604333954386512	
  1.6999999999999980	  0.9667982485468950	  3.1444590923742886	  4.5071491135126545	
  1.7249999999999979	  0.9528182801307407	  3.1464586821843499	  4.6597027186963915	
  1.7499999999999978	  0.9364567625139292	  3.1492169671930044	  4.8181458813857416	
  1.7749999999999977	  0.9177545909660424	  3.1528520270733358	  4.9825265119638766	
  1.7999999999999976	  0.8967585111718731	  3.1574797500180862	  5.1528889185245532	
  1.8249999999999975	  0.8735210023915679	  3.1632135430795607	  5.3292739806235447	
  1.8499999999999974	  0.8481001462898196	  3.1701640487110851	  5.5117193388017478	
  1.8749999999999973	  0.8205594817619664	  3.1784388682185267	  5.7002595995885770	
  1.8999999999999972	  0.7909678461198594	  3.1881422928130947	  5.8949265556601835	
  1.9249999999999972	  0.7593992030344485	  3.1993750429376546	  6.0957494207938856	
  1.9499999999999971	  0.7259324576651419	  3.2122340165181029	  6.3027550792280724	
  1.9749999999999970	  0.6906512594380193	  3.2268120467690418	  6.5159683490058100	
  1.9999999999999969	  0.6536437929658504	  3.2431976701591143	  6.7354122588505181	
  2.0249999999999968	  0.6150025576325101	  3.2614749051159673	  6.9611083380935126	
  2.0499999999999967	  0.5748241363927133	  3.2817230420239598	  7.1930769191459287	
  2.0749999999999966	  0.5332089543649515	  3.3040164450395193	  7.4313374519816922	
  2.0999999999999965	  0.4902610278210208	  3.3284243662194988	  7.6759088300738281	
  2.1249999999999964	  0.4460877041995387	  3.3550107724271196	  7.9268097272035325	
  2.1499999999999964	  0.4007993937932792	  3.3838341854481451	  8.1840589445402045	
  2.1749999999999963	  0.3545092937809682	  3.4149475357169115	  8.4476757673710168	
  2.1999999999999962	  0.3073331052933169	  3.4483980300178216	  8.7176803308407393	
  2.2249999999999961	  0.2593887442204791	  3.4842270334929832	  8.9940939940463718	
  2.2499999999999960	  0.2107960464837644	  3.5224699662509091	  9.2769397218168343	
  2.2749999999999959	  0.1616764685082737	  3.5631562148347027	  9.5662424734954463	
  2.2999999999999958	  0.1121527836451200	  3.6063090587710134	  9.8620295980323274	
  2.3249999999999957	  0.0623487753020199	  3.6519456123833525	 10.1643312346851307	
  2.3499999999999956	  0.0123889275492701	  3.7000767820152030	 10.4731807186197425	
  2.3749999999999956	 -0.0376018860255672	  3.7507072387698455	 10.7886149906977558	
  2.3999999999999955	 -0.0874987144365694	  3.8038354068350353	 11.1106750107346706	
  2.4249999999999954	 -0.1371768416118144	  3.8594534674217140	 11.4394061735119088	
  2.4499999999999953	 -0.1865120981185781	  3.9175473783069101	 11.7748587268268352	
  2.4749999999999952	 -0.2353811715222196	  3.9780969089319811	 12.1170881908680794	
  2.4999999999999951	 -0.2836619146030169	  4.0410756909684702	 12.4661557782085897	
  2.5249999999999950	 -0.3312336506605734	  4.1064512842251917	 12.8221288137158762	
  2.5499999999999949	 -0.3779774751426910	  4.1741852577318062	 13.1850811536879817	
  2.5749999999999948	 -0.4237765528447976	  4.2442332857962235	 13.5550936035347149	
  2.5999999999999948	 -0.4685164099370826	  4.3165452587957391	 13.9322543333366049	
  2.6249999999999947	 -0.5120852200894261	  4.3910654084249847	 14.3166592906288663	
  2.6499999999999946	 -0.5543740839789590	  4.4677324470876307	 14.7084126097743937	
  2.6749999999999945	 -0.5952773014816295	  4.5464797210834504	 15.1076270173083103	
  2.6999999999999944	 -0.6346926358674393	  4.6272353772078372	 15.5144242326569763	
  2.7249999999999943	 -0.6725215693390003	  4.7099225423473809	 15.9289353636564375	
  2.7499999999999942	 -0.7086695492746967	  4.7944595156225986	 16.3513012963190754	
  2.7749999999999941	 -0.7430462245609737	  4.8807599725975628	 16.7816730783227150	
  2.7999999999999940	 -0.7755656714230458	  4.9687331810460149	 17.2202122957234209	
  2.8249999999999940	 -0.8061466081895647	  5.0582842277346538	 17.6670914424218815	
  2.8499999999999939	 -0.8347125984544479	  5.1493142556567690	 18.1224942819432151	
  2.8749999999999938	 -0.8611922421280679	  5.2417207111232464	 18.5866162011216005	
  2.8999999999999937	 -0.8855193539002755	  5.3353976000933576	 19.0596645553137982	
  2.9249999999999936	 -0.9076331286691912	  5.4302357531046361	 19.5418590047997682	
  2.9499999999999935	 -0.9274782935222792	  5.5261230981396494	 20.0334318420637345	
  2.9749999999999934	 -0.9450052458898306	  5.6229449407476491	 20.5346283096854023	
  2.9999999999999933	 -0.9601701775255450	  5.7205842507209388	 21.0457069086083592	
  3.0249999999999932	 -0.9729351840043214	  5.8189219546094124	 21.5669396965909392	
  3.0499999999999932	 -0.9832683594635738	  5.9178372333421407	 22.0986125766840011	
  3.0749999999999931	 -0.9911438763512651	  6.0172078242120932	 22.6410255756198708	
  3.0999999999999930	 -0.9965420499813322	  6.1169103264692035	 23.1944931120373106	
  3.1249999999999929	 -0.9994493877351476	  6.2168205097579463	 23.7593442545084201	
  3.1499999999999928	 -0.9998586227860378	  6.3168136246284963	 24.3359229693750549	
  3.1749999999999927	 -0.9977687322625667	  6.4167647143453523	 24.9245883584442751	
  3.1999999999999926	 -0.9931849398051845	  6.5165489272140675	 25.5257148866346419	
  3.2249999999999925	 -0.9861187025098512	  6.6160418286454332	 26.1396925997076437	
  3.2499999999999925	 -0.9765876822912699	  6.7151197121771142	 26.7669273322611900	
  3.2749999999999924	 -0.9646157017373062	  6.8136599086753478	 27.4078409062045694	
  3.2999999999999923	 -0.9502326845649349	  6.9115410929438594	 28.0628713199769493	
  3.3249999999999922	 -0.9334745808265436	  7.0086435869736405	 28.7324729288136389	
  3.3499999999999921	 -0.9143832770535368	  7.1048496590756107	 29.4171166164065738	
  3.3749999999999920	 -0.8930064915618375	  7.2000438181484947	 30.1172899583469942	
  3.3999999999999919	 -0.8693976551809648	  7.2941131023464010	 30.8334973777796364	
  3.4249999999999918	 -0.8436157777048048	  7.3869473614245758	 31.5662602937383845	
  3.4499999999999917	 -0.8157253003978786	  7.4784395320576218	 32.3161172626733588	
  3.4749999999999917	 -0.7857959349257626	  7.5684859054420244	 33.0836241137187699	
  3.4999999999999916	 -0.7539024891122533	  7.6569863865141237	 33.8693540782893052	
  3.5249999999999915	 -0.7201246799587923	  7.7438447441356173	 34.6738979146305368	
  3.5499999999999914	 -0.6845469343935046	  7.8289688516212648	 35.4978640279853721	
  3.5749999999999913	 -0.6472581782478758	  7.9122709170075973	 36.3418785870742198	
  3.5999999999999912	 -0.6083516139885143	  7.9936677024870813	 37.2065856376210533	
  3.6249999999999911	 -0.5679244877595544	  8.0730807324592639	 38.0926472136907748	
  3.6499999999999910	 -0.5260778463179734	  8.1504364896788850	 39.0007434476353794	
  3.6749999999999909	 -0.4829162844693570	  8.2256665990106832	 39.9315726794770427	
  3.6999999999999909	 -0.4385476836353917	  8.2987079983316043	 40.8858515665857141	
  3.7249999999999908	 -0.3930829422065307	  8.3695030961532488	 41.8643151945365659	
  3.7499999999999907	 -0.3466356983538094	  8.4379999155705860	 42.8677171900591105	
  3.7749999999999906	 -0.2993220459926378	  8.5041522241771315	 43.8968298370146712	
  3.7999999999999905	 -0.2512602446085115	  8.5679196496218708	 44.9524441963621797	
  3.8249999999999904	 -0.2025704236699271	  8.6292677805191005	 46.0353702310938999	
  3.8499999999999903	 -0.1533742823673135	  8.6881682524589632	 47.1464369371427665	
  3.8749999999999902	 -0.1037947854284777	  8.7445988189036878	 48.2864924812813072	
  3.8999999999999901	 -0.0539558557708668	  8.7985434067923407	 49.4564043470488173	
  3.9249999999999901	 -0.0039820647588554	  8.8499921567151034	 50.6570594897582041	
  3.9499999999999900	  0.0460016791597464	  8.8989414475566573	 51.8893645016472931	
  3.9749999999999899	  0.0958704426597165	  8.9453939055470819	 53.1542457882506127	
  3.9999999999999898	  0.1454995798066253	  8.9893583976976483	 54.4526497570774168	
  4.0249999999999897	  0.1947650436067123	  9.0308500096379074	 55.7855430196895270	
  4.0499999999999901	  0.2435436960597223	  9.0698900079094749	 57.1539126082787803	
  4.0749999999999904	  0.2917136159397314	  9.1065057868107555	 58.5587662078481870	
  4.0999999999999908	  0.3391544035346705	  9.1407307999254712	 60.0011324051036183	
  4.1249999999999911	  0.3857474815828563	  9.1726044765061268	 61.4820609551636750	
  4.1499999999999915	  0.4313763916543458	  9.2021721229214233	 63.0026230671948326	
  4.1749999999999918	  0.4759270852363146	  9.2294848094139397	 64.5639117100763258	
  4.1999999999999922	  0.5192882087948975	  9.2545992424511354	 66.1670419391954141	
  4.2249999999999925	  0.5613513821009852	  9.2775776229887263	 67.8131512454679068	
  4.2499999999999929	  0.6020114691243089	  9.2984874910006994	 69.5033999276717651	
  4.2749999999999932	  0.6411668408187160	  9.3174015566645725	 71.2389714891728687	
  4.2999999999999936	  0.6787196291418133	  9.3343975186238293	 73.0210730601120446	
  4.3249999999999940	  0.7145759716740593	  9.3495578697817923	 74.8509358461109002	
  4.3499999999999943	  0.7486462462258864	  9.3629696911123492	 76.7298156045412014	
  4.3749999999999947	  0.7808452948464564	  9.3747244340028857	 78.6589931493885786	
  4.3999999999999950	  0.8110926366741448	  9.3849176916734667	 80.6397748857259984	
  4.4249999999999954	  0.8393126690967385	  9.3936489602435884	 82.6734933747960383	
  4.4499999999999957	  0.8654348567185508	  9.4010213900437218	 84.7615079306839050	
  4.4749999999999961	  0.8893939076621348	  9.4071415277932324	 86.9052052495443093	
  4.4999999999999964	  0.9111299367639327	  9.4121190502890908	 89.1060000723264949	
  4.5249999999999968	  0.9305886152559568	  9.4160664902710263	 91.3653358819215242	
  4.5499999999999972	  0.9477213065593757	  9.4190989551483089	 93.6846856356352617	
  4.5749999999999975	  0.9624851878505928	  9.4213338392912007	 96.0655525338690950	
  4.5999999999999979	  0.9748433570959656	  9.4228905306061943	 98.5094708258687035	
  4.6249999999999982	  0.9847649252876337	  9.4238901121284488	101.0180066533790182	
  4.6499999999999986	  0.9922250936499153	  9.4244550593772924	103.5927589330207468	
  4.6749999999999989	  0.9972052156232947	  9.4247089342312318	106.2353602781812612	
  4.6999999999999993	  0.9996928434710750	  9.4247760760876389	108.9474779611897475	
  4.7249999999999996	  0.9996817593922024	  9.4247812910790358	111.7308149165236273	
  4.7500000000000000	  0.9971719910624965	  9.4248495401227945	114.5871107857704772	
  4.7750000000000004	  0.9921698115654420	  9.4251056265839477	117.5181430050471221	
  4.8000000000000007	  0.9846877237127138	  9.4256738843318004	120.5257279355554374	
  4.8250000000000011	  0.9747444287936271	  9.4266778669700351	123.6117220379324522	
  4.8500000000000014	  0.9623647798316218	  9.4282400390170817	126.7780230910310735	
  4.8750000000000018	  0.9475797194646164	  9.4304814698086226	130.0265714557472450	
  4.9000000000000021	  0.9304262026044968	  9.4335215308873313	133.3593513844893437	
  4.9250000000000025	  0.9109471040690525	  9.4374775976362102	136.7783923768665773	
  4.9500000000000028	  0.8891911114172311	  9.4424647559012893	140.2857705821552372	
  4.9750000000000032	  0.8652126032555668	  9.4485955143369669	143.8836102490844269	
  5.0000000000000036	  0.8390715133199558	  9.4559795231929940	147.5740852234672786	
  5.0250000000000039	  0.8108331806724994	  9.4647233002459767	151.3594204941890666	
  5.0500000000000043	  0.7805681863878486	  9.4749299645604275	155.2418937880503051	
  5.0750000000000046	  0.7483521771372460	  9.4866989787448333	159.2238372139516969	
  5.1000000000000050	  0.7142656761112147	  9.5001259003469478	163.3076389568968807	
  5.1250000000000053	  0.6783938817534891	  9.5153021430097073	167.4957450222816249	
  5.1500000000000057	  0.6408264548092464	  9.5323147479847492	171.7906610309302664	
  5.1750000000000060	  0.6016572942199082	  9.5512461665746287	176.1949540653364465	
  5.2000000000000064	  0.5609843024246594	  9.5721740540475135	180.7112545675615536	
  5.2250000000000068	  0.5189091406553054	  9.5951710755394686	185.3422582892440005	
  5.2500000000000071	  0.4755369748361058	  9.6203047244294737	190.0907282941734877	
  5.2750000000000075	  0.4309762127237012	  9.6476371536411332	194.9594970138879830	
  5.3000000000000078	  0.3853382329441465	  9.6772250202927381	199.9514683567570046	
  5.3250000000000082	  0.3387371066043163	  9.7091193440839891	205.0696198710226952	
  5.3500000000000085	  0.2912893121735105	  9.7433653797733211	210.3170049622809472	
  5.3750000000000089	  0.2431134443479049	  9.7800025040645711	215.6967551658977413	
  5.4000000000000092	  0.1943299176255366	  9.8190641171857322	221.2120824748710959	
  5.4250000000000096	  0.1450606653327304	  9.8605775594057761	226.8662817236678961	
  5.4500000000000099	  0.0954288348542436	  9.9045640426982064	232.6627330285848245	
  5.4750000000000103	  0.0455584798288954	  9.9510385977221762	238.6049042852065440	
  5.5000000000000107	 -0.0044257499199684	 10.0000100362536575	244.6963537235603496	
  5.5250000000000110	 -0.0543989199441641	 10.0514809291605722	250.9407325215957769	
  5.5500000000000114	 -0.1042361234417750	 10.1054475999769604	257.3417874776487224	
  5.5750000000000117	 -0.1538127934591570	 10.1619001340922051	263.9033637425852135	
  5.6000000000000121	 -0.2030050142435035	 10.2208224035323862	270.6294076123569425	
  5.6250000000000124	 -0.2516898309677493	 10.2821921072717917	277.5239693817407556	
  5.6500000000000128	 -0.2997455570536645	 10.3459808269738485	284.5912062600787635	
  5.6750000000000131	 -0.3470520783249886	 10.4121540980221408	291.8353853498806529	
  5.7000000000000135	 -0.3934911532303830	 10.4806714956639748	299.2608866891997650	
  5.7250000000000139	 -0.4389467083857989	 10.5514867360511833	306.8722063587467801	
  5.7500000000000142	 -0.4833051286975593	 10.6245477919256057	314.6739596547591304	
  5.7750000000000146	 -0.5264555413410004	 10.6997970226601087	322.6708843287032096	
  5.8000000000000149	 -0.5682900928848709	 10.7771713183300992	330.8678438949466454	
  5.8250000000000153	 -0.6087042188688253	 10.8566022574554353	339.2698310076025905	
  5.8500000000000156	 -0.6475969051602064	 10.9380162780184484	347.8819709078140932	
  5.8750000000000160	 -0.6848709404368619	 11.0213348613306419	356.7095249428163584	
  5.9000000000000163	 -0.7204331591649200	 11.1064747282884682	365.7578941581882077	
  5.9250000000000167	 -0.7541946744642055	 11.1933480475276799	375.0326229647782270	
  5.9500000000000171	 -0.7860711002792552	 11.2818626549559440	384.5394028818701599	
  5.9750000000000174	 -0.8159827623006204	 11.3719222841150280	394.2840763582331078	
  6.0000000000000178	 -0.8438548971092633	 11.4634268067967557	404.2726406727855988	
  6.0250000000000181	 -0.8696178390462901	 11.5562724833113322	414.5112519166894458	
  6.0500000000000185	 -0.8932071943409441	 11.6503522217824766	425.0062290587783309	
  6.0750000000000188	 -0.9145640020616304	 11.7455558458212934	435.7640580963182515	
  6.1000000000000192	 -0.9336348814876766	 11.8417703699097956	446.7913962931912124	
  6.1250000000000195	 -0.9503721655334798	 11.9388802818058011	458.0950765076905782	
  6.1500000000000199	 -0.9647340198915465	 12.0367678312633135	469.6821116122166586	
  6.1750000000000203	 -0.9766845475966319	 12.1353133243467468	481.5596990072618269	
  6.2000000000000206	 -0.9861938787496222	 12.2343954226033667	493.7352252321811079	
  6.2250000000000210	 -0.9932382451768966	 12.3338914463461560	506.2162706753483690	
  6.2500000000000213	 -0.9978000398385609	 12.4336776812890690	519.0106143864101114	
  6.2750000000000217	 -0.9998678608370619	 12.5336296877682454	532.1262389934584007	
  6.3000000000000220	 -0.9994365399161852	 12.6336226117762926	545.5713357280584432	
  6.3250000000000224	 -0.9965071553792028	 12.7335314970321978	559.3543095611837543	
  6.3500000000000227	 -0.9910870293938834	 12.8332315973068809	573.4837844532273721	
  6.3750000000000231	 -0.9831897096911009	 12.9325986882237185	587.9686087213799510	
  6.4000000000000234	 -0.9728349357027845	 13.0315093777547055	602.8178605277861379	
  6.4250000000000238	 -0.9600485892238499	 13.1298414146361893	618.0408534920156853	
  6.4500000000000242	 -0.9448626297214294	 13.2274739939332715	633.6471424315108152	
  6.4750000000000245	 -0.9273150144530953	 13.3242880589891435	649.6465292338009476	
  6.5000000000000249	 -0.9074496035937395	 13.4201665990046433	666.0490688644034663	
  6.5250000000000252	 -0.8853160506082428	 13.5149949415042219	682.8650755144634559	
  6.5500000000000256	 -0.8609696781439454	 13.6086610389573206	700.1051288923158609	
  6.5750000000000259	 -0.8344713397531225	 13.7010557488387548	717.7800806632920967	
  6.6000000000000263	 -0.8058872677910879	 13.7920731064280933	735.9010610422263881	
  6.6250000000000266	 -0.7752889078701004	 13.8816105896661792	754.4794855432588747	
  6.6500000000000270	 -0.7427527402828524	 13.9695693754067882	773.5270618916712237	
  6.6750000000000274	 -0.7083600888418904	 14.0558545864229298	793.0557971026328232	
  6.7000000000000277	 -0.6721969176127670	 14.1403755285504094	813.0780047318791048	
  6.7250000000000281	 -0.6343536160489887	 14.2230459173758987	833.6063123034892897	
  6.7500000000000284	 -0.5949247730658079	 14.3037840939029355	854.6536689200772798	
  6.7750000000000288	 -0.5540089406175597	 14.3825132286567818	876.2333530608588035	
  6.8000000000000291	 -0.5117083873694743	 14.4591615137179978	898.3589805732065088	
  6.8250000000000295	 -0.4681288430796606	 14.5336623422047371	921.0445128634582943	
  6.8500000000000298	 -0.4233792343301698	 14.6059544747551477	944.3042652928976395	
  6.8750000000000302	 -0.3775714122676777	 14.6759821925937839	968.1529157849780631	
  6.9000000000000306	 -0.3308198730342886	 14.7436954367994115	992.6055136500233402	
  6.9250000000000309	 -0.2832414715872412	 14.8090499334261256	1017.6774886337923363	
  6.9500000000000313	 -0.2349551296228181	 14.8720073041650469	1043.3846601964576166	
  6.9750000000000316	 -0.1860815383344951	 14.9325351622699891	1069.7432470287119486	
  7.0000000000000320	 -0.1367428567482830	 14.9906071935073424	1096.7698768118764292	
  7.0250000000000323	 -0.0870624063892661	 15.0462032219278292	1124.4815962290560947	
  7.0500000000000327	 -0.0371643630425109	 15.0993092602957422	1152.8958812345531442	
  7.0750000000000330	  0.0128265536212156	 15.1499175450496377	1182.0306475889178728	
  7.1000000000000334	  0.0627853917791449	 15.1980265557070577	1211.9042616671956694	
  7.1250000000000338	  0.1125872797704507	 15.2436410186648175	1242.5355515480957820	
  7.1500000000000341	  0.1621077382098146	 15.2867718953853480	1273.9438183919912717	
  7.1750000000000345	  0.2112229911204920	 15.3274363549986052	1306.1488481158351078	
  7.2000000000000348	  0.2598102753092085	 15.3656577313880600	1339.1709233732640314	
  7.2250000000000352	  0.3077481472096075	 15.4014654648679912	1373.0308358483423490	
  7.2500000000000355	  0.3549167864273035	 15.4348950285978894	1407.7498988715906307	
  7.2750000000000359	  0.4011982952278326	 15.4659878399178936	1443.3499603671305067	
  7.3000000000000362	  0.4464769932189387	 15.4947911568268513	1479.8534161399766163	
  7.3250000000000366	  0.4906397064906409	 15.5213579598617830	1517.2832235127000331	
  7.3500000000000369	  0.5335760504903831	 15.5457468196739796	1555.6629153208887146	
  7.3750000000000373	  0.5751787059262246	 15.5680217506327025	1595.0166142770394799	
  7.4000000000000377	  0.6153436870084554	 15.5882520508224420	1635.3690477127179292	
  7.4250000000000380	  0.6539706013591755	 15.6065121288336250	1676.7455627090421331	
  7.4500000000000384	  0.6909629009401933	 15.6228813177797061	1719.1721416257566943	
  7.4750000000000387	  0.7262281233720587	 15.6374436770055425	1762.6754180393884326	
  7.5000000000000391	  0.7596781230410555	 15.6502877819825947	1807.2826931011998113	
  7.5250000000000394	  0.7912292914165070	 15.6615065029162093	1853.0219523258861045	
  7.5500000000000398	  0.8208027660277135	 15.6711967726182735	1899.9218828221971762	
  7.5750000000000401	  0.8483246275781908	 15.6794593442254424	1948.0118909769093989	
  7.6000000000000405	  0.8737260847045228	 15.6863985393685930	1997.3221206038131186	
  7.6250000000000409	  0.8969436459180298	 15.6921219874228424	2047.8834715696389139	
  7.6500000000000412	  0.9179192782994838	 15.6967403564899399	2099.7276189091012384	
  7.6750000000000416	  0.9366005525502205	 15.7003670767854455	2152.8870324415024697	
  7.7000000000000419	  0.9529407740370895	 15.7031180571220013	2207.3949969016116484	
  7.7250000000000423	  0.9668990995037033	 15.7051113951974255	2263.2856325978104906	
  7.7500000000000426	  0.9784406391562622	 15.7064670824117343	2320.5939166107827987	
  7.7750000000000430	  0.9875365438687966	 15.7073067039508558	2379.3557045463148825	
  7.8000000000000433	  0.9941640772898559	 15.7077531348867350	2439.6077528560786050	
  7.8250000000000437	  0.9983066726704156	 15.7079302330533537	2501.3877417405710730	
  7.8500000000000441	  0.9999539742709602	 15.7079625294663714	2564.7342986487046801	
  7.8750000000000444	  0.9991018632442454	 15.7079749170601346	2629.6870223888640794	
  7.9000000000000448	  0.9957524679290458	 15.7080923385201103	2696.2865078665831788	
  7.9250000000000451	  0.9899141585291578	 15.7084394739908948	2764.5743714643317617	
  7.9500000000000455	  0.9816015261909552	 15.7091404294404473	2834.5932770792651354	
  7.9750000000000458	  0.9708353465317940	 15.7103184264594962	2906.3869628351394567	
  8.0000000000000462	  0.9576425277104235	 15.7120954942713684	2980.0002684849769139	
  8.0250000000000465	  0.9420560431692006	 15.7145921647221609	3055.4791635214487542	
  8.0500000000000469	  0.9241148492162149	 15.7179271710134021	3132.8707760123297703	
  8.0750000000000473	  0.9038637876533239	 15.7222171509306197	3212.2234221787966817	
  8.1000000000000476	  0.8813534736934798	 15.7275763553091537	3293.5866367347498453	
  8.1250000000000480	  0.8566401694474932	 15.7341163624661906	3377.0112040057697413	
  8.1500000000000483	  0.8297856432964490	 15.7419457993126350	3462.5491898467680585	
  8.1750000000000487	  0.8008570155012696	 15.7511700698419457	3550.2539743778379489	
  8.2000000000000490	  0.7699265904353191	 15.7618910916745953	3640.1802855582877783	
  8.2250000000000494	  0.7370716758593794	 15.7742070413166378	3732.3842336193129086	
  8.2500000000000497	  0.7023743896907144	 15.7882121087690344	3826.9233463762693646	
  8.2750000000000501	  0.6659214547491970	 15.8039962621012329	3923.8566054420093678	
  8.3000000000000504	  0.6278039819935265	 15.8216450225773144	4023.2444833632785048	
  8.3250000000000508	  0.5881172427893318	 15.8412392508968267	4125.1489817027049867	
  8.3500000000000512	  0.5469604307783673	 15.8628549450845870	4229.6336700894707974	
  8.3750000000000515	  0.5044364139440052	 15.8865630505345585	4336.7637262623375136	
  8.4000000000000519	  0.4606514774927291	 15.9124292826828313	4446.6059771292630103	
  8.4250000000000522	  0.4157150581942894	 15.9405139627524868	4559.2289408684900991	
  8.4500000000000526	  0.3697394708445285	 15.9708718669813923	4674.7028700965756798	
  8.4750000000000529	  0.3228396275345781	 16.0035520897095047	4793.0997961294915513	
  8.5000000000000533	  0.2751327504281057	 16.0385979206678080	4914.4935743635915060	
  8.5250000000000536	  0.2267380787645127	 16.0760467367758686	5038.9599308039005336	
  8.5500000000000540	  0.1777765708204263	 16.1159299087182681	5166.5765097678995517	
  8.5750000000000544	  0.1283706015744215	 16.1582727225334750	5297.4229227936893949	
  8.6000000000000547	  0.0786436568306517	 16.2030943164110610	5431.5807987821599454	
  8.6250000000000551	  0.0287200245659195	 16.2504076328555236	5569.1338354035415250	
  8.6500000000000554	 -0.0212755157283451	 16.3002193863357974	5710.1678517995196671	
  8.6750000000000558	 -0.0712180049327185	 16.3525300465017445	5854.7708426128665451	
  8.7000000000000561	 -0.1209826166354748	 16.4073338370094213	6003.0330333773981693	
  8.7250000000000565	 -0.1704449691366623	 16.4646187499580101	6155.0469373018931947	
  8.7500000000000568	 -0.2194814363407185	 16.5243665759023344	6310.9074134824950306	
  8.7750000000000572	 -0.2679694567605602	 16.5865529493660055	6470.7117265790093370	
  8.8000000000000576	 -0.3157878398607977	 16.6511474097414371	6634.5596079914294023	
  8.8250000000000579	 -0.3628170689743793	 16.7181134774244349	6802.5533185739732289	
  8.8500000000000583	 -0.4089396000355343	 16.7874087449931721	6974.7977129248802157	
  8.8750000000000586	 -0.4540401553823414	 16.8589849832034808	7151.4003052912185012	
  8.9000000000000590	 -0.4980060118945721	 16.9327882615357623	7332.4713371289799397	
  8.9250000000000593	 -0.5407272827466144	 17.0087590829920003	7518.1238463597865120	
  8.9500000000000597	 -0.5820971920712494	 17.0868325328060351	7708.4737383666169990	
  8.9750000000000600	 -0.6220123418477641	 17.1669384406954038	7903.6398587720723299	
  9.0000000000000604	 -0.6603729703473230	 17.2490015562492651	8103.7440680438267009	
  9.0250000000000608	 -0.6970832014896219	 17.3329417370138614	8308.9113179730993579	
  9.0500000000000611	 -0.7320512844875684	 17.4186741488055254	8519.2697300731651922	
  9.0750000000000615	 -0.7651898231810036	 17.5061094777505737	8734.9506759461437468	
  9.1000000000000618	 -0.7964159944862514	 17.5951541535220599	8956.0888596676068119	
  9.1250000000000622	 -0.8256517554154952	 17.6857105832151973	9182.8224022397971567	
  9.1500000000000625	 -0.8528240381485385	 17.7776773952775002	9415.2929281655997329	
  9.1750000000000629	 -0.8778649326693795	 17.8709496928829950	9653.6456541967709200	
  9.2000000000000632	 -0.9007118565111076	 17.9654193161182150	9898.0294803113283706	
  9.2250000000000636	 -0.9213077111848486	 18.0609751123238453	10148.5970829764301016	
  9.2500000000000639	 -0.9396010249017736	 18.1575032139168329	10405.5050107545412175	
  9.2750000000000643	 -0.9555460812314465	 18.2548873229982185	10668.9137823122146074	
  9.3000000000000647	 -0.9691030333749328	 18.3530090020353995	10938.9879868923271715	
  9.3250000000000650	 -0.9802380037670577	 18.4517479698923701	11215.8963873122265795	
  9.3500000000000654	 -0.9889231687588537	 18.5509824024681507	11499.8120255518369959	
  9.3750000000000657	 -0.9951368281685457	 18.6505892371913475	11790.9123309974711447	
  9.4000000000000661	 -0.9988634595272426	 18.7504444806105361	12089.3792314087841078	
  9.4250000000000664	 -1.0000937568837451	 18.8504235183111213	12395.3992666780468426	
  9.4500000000000668	 -0.9988246540714879	 18.9504014263843636	12709.1637054527382134	
  9.4750000000000671	 -0.9950593323794674	 19.0502532836696545	13030.8686646942605876	
  9.5000000000000675	 -0.9888072126079845	 19.1498544839901896	13360.7152322474921675	
  9.5250000000000679	 -0.9800839315290633	 19.2490810476010985	13698.9095924978046241	
  9.5500000000000682	 -0.9689113028103928	 19.3478099310716161	14045.6631551941700309	
  9.5750000000000686	 -0.9553172625004622	 19.4459193348272734	14401.1926875189819839	
  9.6000000000000689	 -0.9393357992111601	 19.5432890075825014	14765.7204494873258227	
  9.6250000000000693	 -0.9210068691723453	 19.6398005469038104	15139.4743327605265222	
  9.6500000000000696	 -0.9003762963707159	 19.7353376951512409	15522.6880029610274505	
  9.6750000000000700	 -0.8774956580225883	 19.8297866300591679	15915.6010455778341566	
  9.7000000000000703	 -0.8524221556668482	 19.9230362492296251	16318.4591155541056651	
  9.7250000000000707	 -0.8252184722002784	 20.0149784478276089	16731.5140906507658656	
  9.7500000000000711	 -0.7959526152126122	 20.1055083887836439	17155.0242286824577604	
  9.7750000000000714	 -0.7646977470128988	 20.1945247648285289	17589.2543287246116961	
  9.8000000000000718	 -0.7315320017720361	 20.2819300517057037	18034.4758963928943558	
  9.8250000000000721	 -0.6965382902385154	 20.3676307519276563	18490.9673132989337319	
  9.8500000000000725	 -0.6598040925155120	 20.4515376284673884	18959.0140107888473722	
  9.8750000000000728	 -0.6214212394172648	 20.5335659278008826	19438.9086480737933016	
  9.9000000000000732	 -0.5814856829512636	 20.6136355917432361	19930.9512948645970027	
  9.9250000000000735	 -0.5400972564999100	 20.6916714575484342	20435.4496186252981715	
  9.9500000000000739	 -0.4973594253010935	 20.7676034457733856	20952.7190765633968113	
  9.9750000000000743	 -0.4533790278513519	 20.8413667354359369	21483.0831124776268553	
